-0.27953333									
-0.092941165									
0.017943908									
0.09081241									
0.14028038									
0.1703112									
0.18042693									
0.17926913									
0.17777482									
0.16902527									
0.14896639									
0.12447316									
0.09956454									
0.07538069									
0.055958092									
0.048206158									
0.04812132									
0.048845448									
0.06136575									
0.09430726									
0.14696743									
0.22255325									
0.33379036									
0.5150837									
