-0.13918631									
-0.11377804									
-0.095331565									
-0.08145646									
-0.07072518									
-0.06227163									
-0.055526253									
-0.050099995									
-0.045718197									
-0.042181537									
-0.039342675									
-0.03709114									
-0.03534391									
-0.034038536									
-0.03312861									
-0.03258029									
-0.032369446									
-0.03247845									
-0.032892637									
-0.033593547									
-0.03454987									
-0.035701126									
-0.03693454									
-0.038051985									
-0.03873748									
-0.03851616									
-0.036778465									
-0.03298494									
-0.027743807									
-0.0237042									
-0.0222446									
-0.021640973									
-0.019050088									
-0.012328971									
-0.0023412337									
0.008289368									
0.018094024									
0.026822226									
0.03449265									
0.04118635									
0.04763771									
0.055494383									
0.06550853									
0.07437176									
0.07713328									
0.07223528									
0.06022705									
0.04290295									
0.025581641									
0.013218493									
0.0061024483									
0.0026267534									
0.0013752023									
0.0014045252									
0.002139062									
0.003238256									
0.0045132716									
0.0058673294									
0.007258691									
0.008677999									
0.010134874									
0.011650517									
0.013253907									
0.014980308									
0.016871432									
0.018976571									
0.021355387									
0.024081863									
0.027250519									
0.030986058									
0.035458602									
0.040908813									
0.047690894									
0.056346074									
0.067768626									
0.083463505									
0.10470801									
0.10470801									
0.10470801									
0.10470801									
0.10470801									
0.10470801									
0.10470801									
0.10470801									
0.10470801									
0.10470801									
0.10470801									
0.10470801									
0.10470801									
0.10470801									
0.10470801									
0.10470801									
0.10470801									
0.10470801									
0.10470801									
0.10470801									
0.10470801									
0.10470801									
0.10470801									
0.10470801									
0.10470801									
0.10470801									
0.10470801									
0.10470801									
0.10470801									
0.10470801									
0.10470801									
0.10470801									
0.10470801									
0.10470801									
0.10470801									
0.10470801									
0.10470801									
0.10470801									
0.10470801									
