0.023492685	
0.016876688	
0.012387716	
0.00924338	
0.007071723	
0.005560224	
0.004510593	
0.0037916643	
0.003316349	
0.0030269315	
0.0028856606	
0.0028686887	
0.0029623113	
0.0031606965	
0.0034647183	
0.0038817513	
0.0044262377	
0.0051210052	
0.005999149	
0.007106005	
0.008499911	
0.010249286	
0.012420775	
0.015049515	
0.018083353	
0.021256777	
0.023887362	
0.024476068	
0.020525955	
0.010802529	
-0.0030519904	
-0.019658132	
-0.038420387	
-0.05712789	
-0.07264544	
-0.08416881	
-0.092827335	
-0.09973804	
-0.10563003	
-0.11132569	
-0.117703624	
-0.124507435	
-0.12895972	
-0.12814465	
-0.12386289	
-0.11990866	
-0.11673926	
-0.11075096	
-0.09875204	
-0.08318153	
-0.06793623	
-0.054763716	
-0.043991465	
-0.03540792	
-0.028646838	
-0.023343392	
-0.019179825	
-0.015897611	
-0.013293887	
-0.011212835	
-0.009536321	
-0.008175646	
-0.007064897	
-0.0061559402	
-0.0054147644	
-0.004819105	
-0.0043570613	
-0.0040267413	
-0.0038367584	
-0.0038077491	
-0.003974956	
-0.0043920134	
-0.0051361867	
-0.0063265194	
-0.008015609	
-0.010452965	
-0.013824706	
-0.013824706	
-0.013824706	
-0.013824706	
-0.013824706	
-0.013824706	
-0.013824706	
-0.013824706	
-0.013824706	
-0.013824706	
-0.013824706	
-0.013824706	
-0.013824706	
-0.013824706	
-0.013824706	
-0.013824706	
-0.013824706	
-0.013824706	
-0.013824706	
-0.013824706	
-0.013824706	
-0.013824706	
-0.013824706	
-0.013824706	
-0.013824706	
-0.013824706	
-0.013824706	
-0.013824706	
-0.013824706	
-0.013824706	
-0.013824706	
-0.013824706	
-0.013824706	
-0.013824706	
-0.013824706	
-0.013824706	
-0.013824706	
-0.013824706	
-0.013824706	
