-0.08868788									
-0.07110841									
-0.05839541									
-0.04882557									
-0.0413851									
-0.03546403									
-0.0306651									
-0.026719686									
-0.0234401									
-0.020691775									
-0.018376263									
-0.016420687									
-0.014770902									
-0.0133864									
-0.01223722									
-0.011300749									
-0.0105589945									
-0.009994809									
-0.009586944									
-0.009300935									
-0.00907528									
-0.008797629									
-0.008266991									
-0.0071348045									
-0.00482614									
-0.0004221453									
0.0073904777									
0.019993873									
0.03692658									
0.053538434									
0.06505876									
0.06997711									
0.06789673									
0.06043867									
0.052335832									
0.046488527									
0.04177163									
0.03632171									
0.029346356									
0.02083969									
0.011052759									
0.00069483026									
-0.008329069									
-0.013433635									
-0.014441271									
-0.014038951									
-0.0151073495									
-0.019134792									
-0.024365466									
-0.027915295									
-0.029127203									
-0.028551081									
-0.026827775									
-0.024468567									
-0.021815814									
-0.019080821									
-0.016375728									
-0.013748277									
-0.011207594									
-0.008741112									
-0.0063247113									
-0.0039278874									
-0.0015160418									
0.0009491988									
0.003510697									
0.0062175463									
0.009127617									
0.01231149									
0.01585801									
0.019882955									
0.024542682									
0.03005657									
0.036745157									
0.045095697									
0.05590942									
0.07053078									
0.090101875									
0.090101875									
0.090101875									
0.090101875									
0.090101875									
0.090101875									
0.090101875									
0.090101875									
0.090101875									
0.090101875									
0.090101875									
0.090101875									
0.090101875									
0.090101875									
0.090101875									
0.090101875									
0.090101875									
0.090101875									
0.090101875									
0.090101875									
0.090101875									
0.090101875									
0.090101875									
0.090101875									
0.090101875									
0.090101875									
0.090101875									
0.090101875									
0.090101875									
0.090101875									
0.090101875									
0.090101875									
0.090101875									
0.090101875									
0.090101875									
0.090101875									
0.090101875									
0.090101875									
0.090101875									
