-0.0012003011									 
-0.0010576918									 
-0.0010319876									 
-0.0013142581									 
-0.0018381019									 
-0.0025639776									 
-0.003102666									 
-0.002621214									 
-0.0014627316									 
-0.0006634408									 
-0.0003181362									 
-0.00016662144									 
-6.548426e-05									 
2.916033e-05									 
0.00012434015									 
0.00021745871									 
0.00030550113									 
0.0003872186									 
0.0004631816									 
0.0005352558									 
0.0006060951									 
0.00067881413									 
0.0007568875									 
0.0008442093									 
0.0009452913									 
0.0010656118									 
0.0012121093									 
0.001393906									 
0.0016233494									 
0.0019175353									 
0.002300606									 
0.002807216									 
0.0034878722									 
0.0044172294									 
0.0057070246									 
0.007526401									 
0.01011492									 
0.014085533									 
