0.08750137									 
0.081920855									 
0.07317963									 
0.063582964									 
0.05154221									 
0.035417333									 
0.014620893									 
-0.006477639									 
-0.021099932									 
-0.028058767									 
-0.030661974									 
-0.03152518									 
-0.03176021									 
-0.03170259									 
-0.03143118									 
-0.030983059									 
-0.030408131									 
-0.02977164									 
-0.029143285									 
-0.028588517									 
-0.028163541									 
-0.027914455									 
-0.027879147									 
-0.028090158									 
-0.028578145									 
-0.029375145									 
-0.03051802									 
-0.032052066									 
-0.034034763									 
-0.036540836									 
-0.0396683									 
-0.043547314									 
-0.048353545									 
-0.054327656									 
-0.06180752									 
-0.07128363									 
-0.08350349									 
-0.0998283									 
