0.0123084225	
0.00844995	
0.00587368	
0.004141967	
0.0030754914	
0.002473041	
0.0022057204	
0.0021886944	
0.0023684627	
0.0027139916	
0.0032107271	
0.0038568904	
0.004661459	
0.0056434846	
0.006832595	
0.00827064	
0.010014572	
0.012140707	
0.014750387	
0.017976748	
0.021991313	
0.027007474	
0.033274803	
0.041054267	
0.050565746	
0.061854217	
0.074531235	
0.08719433	
0.09702733	
0.10285899	
0.10823473	
0.11671366	
0.1281102	
0.13844997	
0.14402944	
0.14541045	
0.14485186	
0.14386514	
0.1432479	
0.14316247	
0.14303628	
0.14133984	
0.1357105	
0.1254982	
0.1142922	
0.10600323	
0.100818925	
0.09521813	
0.08567311	
0.07330903	
0.060895536	
0.049822137	
0.040479485	
0.032829247	
0.026658833	
0.02171449	
0.017752906	
0.014565891	
0.011986003	
0.009883355	
0.008159156	
0.006739171	
0.0055681462	
0.00460564	
0.0038230913	
0.0032020756	
0.0027334506	
0.0024174773	
0.0022646973	
0.0022978422	
0.0025547058	
0.0030923125	
0.0039925165	
0.0053806785	
0.007318303	
0.010067479	
0.013817774	
