# t (s)	mx ()	my ()	mz ()	m.region21x ()	m.region21y ()	m.region21z ()	m.region22x ()	m.region22y ()	m.region22z ()	m.region23x ()	m.region23y ()	m.region23z ()	B_extx (T)	B_exty (T)	B_extz (T)	B_eff.region6x (T)	B_eff.region6y (T)	B_eff.region6z (T)	B_eff.region9x (T)	B_eff.region9y (T)	B_eff.region9z (T)	step_x (No unit)	step_y (No unit)	points_TOP_wire (No unit)
0	0	-0.2719719	0	-0.70710677	0.70710677	0	0.70710707	-0.70710707	0	-0.7071071	-0.7071071	0	0	0	0	0.014360984	-0.039698124	0.00565162	NaN	NaN	NaN	0	1e-07	276
0	0	-0.2719719	0	-0.70710677	0.70710677	0	0.70710707	-0.70710707	0	-0.7071071	-0.7071071	0	0	0	0	-0.00019643661	-0.03230185	0.005675105	NaN	NaN	NaN	7.789855e-09	1e-07	276
0	0	-0.2719719	0	-0.70710677	0.70710677	0	0.70710707	-0.70710707	0	-0.7071071	-0.7071071	0	0	0	0	-0.014667205	-0.02558342	0.005651336	NaN	NaN	NaN	1.557971e-08	1e-07	276
0	0	-0.2719719	0	-0.70710677	0.7071068	0	0.70710707	-0.70710707	0	-0.7071071	-0.7071071	0	0	0	0	-0.02863814	-0.019942775	0.005582845	NaN	NaN	NaN	2.3369566e-08	1e-07	276
0	0	-0.27197188	0	-0.70710677	0.70710677	0	0.70710707	-0.70710707	0	-0.7071071	-0.7071071	0	0	0	0	-0.041746836	-0.015537071	0.0054736566	NaN	NaN	NaN	3.115942e-08	1e-07	276
0	0	-0.27197188	0	-0.7071068	0.70710677	0	0.707107	-0.70710707	0	-0.7071071	-0.7071071	0	0	0	0	-0.053736497	-0.012339052	0.0053289556	NaN	NaN	NaN	3.8949274e-08	1e-07	276
0	0	-0.27197188	0	-0.70710677	0.70710677	0	0.70710707	-0.70710707	0	-0.7071071	-0.7071071	0	0	0	0	-0.06446509	-0.010216375	0.005154607	NaN	NaN	NaN	4.673913e-08	1e-07	276
0	0	-0.27197188	0	-0.70710677	0.70710677	0	0.70710707	-0.70710707	0	-0.7071071	-0.7071071	0	0	0	0	-0.07388764	-0.00899258	0.004956702	NaN	NaN	NaN	5.4528986e-08	1e-07	276
0	0	-0.27197188	0	-0.7071068	0.70710677	0	0.70710707	-0.707107	0	-0.7071071	-0.7071071	0	0	0	0	-0.082028545	-0.008484022	0.0047411458	NaN	NaN	NaN	6.231884e-08	1e-07	276
0	0	-0.27197188	0	-0.7071068	0.70710677	0	0.70710707	-0.70710707	0	-0.7071071	-0.7071071	0	0	0	0	-0.08895472	-0.008521829	0.0045133936	NaN	NaN	NaN	7.01087e-08	1e-07	276
0	0	-0.2719719	0	-0.7071068	0.7071068	0	0.70710707	-0.70710707	0	-0.7071071	-0.7071071	0	0	0	0	-0.09475652	-0.008958441	0.0042782645	NaN	NaN	NaN	7.789855e-08	1e-07	276
0	0	-0.2719719	0	-0.7071068	0.70710677	0	0.707107	-0.70710707	0	-0.7071071	-0.7071071	0	0	0	0	-0.09953593	-0.009669462	0.0040398766	NaN	NaN	NaN	8.5688406e-08	1e-07	276
0	0	-0.27197188	0	-0.70710677	0.7071068	0	0.707107	-0.70710707	0	-0.7071071	-0.7071071	0	0	0	0	-0.1033983	-0.010552474	0.0038016401	NaN	NaN	NaN	9.347826e-08	1e-07	276
0	0	-0.27197188	0	-0.70710677	0.70710677	0	0.707107	-0.70710707	0	-0.7071071	-0.7071071	0	0	0	0	-0.10644813	-0.011525161	0.0035663114	NaN	NaN	NaN	1.01268114e-07	1e-07	276
0	0	-0.27197188	0	-0.7071068	0.7071068	0	0.70710707	-0.70710707	0	-0.7071071	-0.7071071	0	0	0	0	-0.108785935	-0.012522905	0.0033360312	NaN	NaN	NaN	1.0905797e-07	1e-07	276
0	0	-0.27197188	0	-0.7071068	0.7071068	0	0.70710707	-0.707107	0	-0.7071071	-0.7071071	0	0	0	0	-0.110506855	-0.013496655	0.0031124284	NaN	NaN	NaN	1.1684783e-07	1e-07	276
0	0	-0.27197188	0	-0.70710677	0.7071068	0	0.70710707	-0.70710707	0	-0.7071071	-0.7071071	0	0	0	0	-0.11169963	-0.014410699	0.002896667	NaN	NaN	NaN	1.2463768e-07	1e-07	276
0	0	-0.2719719	0	-0.7071068	0.70710677	0	0.70710707	-0.70710707	0	-0.7071071	-0.7071071	0	0	0	0	-0.11244634	-0.015240707	0.0026895374	NaN	NaN	NaN	1.3242753e-07	1e-07	276
0	0	-0.2719719	0	-0.7071068	0.70710677	0	0.70710707	-0.707107	0	-0.7071071	-0.7071071	0	0	0	0	-0.11282176	-0.01597181	0.0024915005	NaN	NaN	NaN	1.402174e-07	1e-07	276
0	0	-0.27197188	0	-0.70710677	0.70710677	0	0.70710707	-0.7071071	0	-0.7071071	-0.7071071	0	0	0	0	-0.1128936	-0.01659685	0.002302765	NaN	NaN	NaN	1.4800725e-07	1e-07	276
0	0	-0.27197188	0	-0.70710677	0.70710677	0	0.70710707	-0.70710707	0	-0.7071071	-0.7071071	0	0	0	0	-0.1127227	-0.017114803	0.0021233275	NaN	NaN	NaN	1.557971e-07	1e-07	276
0	0	-0.27197188	0	-0.70710677	0.7071068	0	0.70710707	-0.70710707	0	-0.7071071	-0.7071071	0	0	0	0	-0.11236324	-0.01752935	0.001953022	NaN	NaN	NaN	1.6358696e-07	1e-07	276
0	0	-0.27197188	0	-0.70710677	0.70710677	0	0.70710707	-0.70710707	0	-0.7071071	-0.7071071	0	0	0	0	-0.11186315	-0.017847626	0.0017915482	NaN	NaN	NaN	1.7137681e-07	1e-07	276
0	0	-0.2719719	0	-0.7071068	0.7071068	0	0.70710707	-0.707107	0	-0.7071071	-0.7071071	0	0	0	0	-0.111264735	-0.018079197	0.0016385117	NaN	NaN	NaN	1.7916666e-07	1e-07	276
0	0	-0.27197188	0	-0.70710677	0.7071068	0	0.707107	-0.70710707	0	-0.7071071	-0.7071071	0	0	0	0	-0.1106049	-0.018235173	0.0014934442	NaN	NaN	NaN	1.8695653e-07	1e-07	276
0	0	-0.2719719	0	-0.7071068	0.70710677	0	0.70710707	-0.70710707	0	-0.7071071	-0.7071071	0	0	0	0	-0.10991602	-0.018327525	0.001355816	NaN	NaN	NaN	1.9474638e-07	1e-07	276
0	0	-0.27197188	0	-0.70710677	0.7071068	0	0.70710707	-0.70710707	0	-0.7071071	-0.7071071	0	0	0	0	-0.109226145	-0.018368566	0.0012250681	NaN	NaN	NaN	2.0253623e-07	1e-07	276
0	0	-0.2719719	0	-0.70710677	0.7071068	0	0.70710707	-0.707107	0	-0.7071071	-0.7071071	0	0	0	0	-0.108559765	-0.018370552	0.001100611	NaN	NaN	NaN	2.1032609e-07	1e-07	276
0	0	-0.27197188	0	-0.70710677	0.7071068	0	0.70710707	-0.70710707	0	-0.7071071	-0.7071071	0	0	0	0	-0.10793819	-0.018345423	0.0009818478	NaN	NaN	NaN	2.1811594e-07	1e-07	276
0	0	-0.2719719	0	-0.7071068	0.7071068	0	0.70710707	-0.70710707	0	-0.7071071	-0.7071071	0	0	0	0	-0.10737996	-0.018304616	0.0008681613	NaN	NaN	NaN	2.259058e-07	1e-07	276
0	0	-0.27197188	0	-0.7071068	0.70710677	0	0.70710707	-0.70710707	0	-0.7071071	-0.7071071	0	0	0	0	-0.10690129	-0.018258996	0.0007589349	NaN	NaN	NaN	2.3369566e-07	1e-07	276
0	0	-0.27197188	0	-0.70710677	0.7071068	0	0.70710707	-0.70710707	0	-0.7071071	-0.7071071	0	0	0	0	-0.10651632	-0.018218813	0.00065354846	NaN	NaN	NaN	2.414855e-07	1e-07	276
0	0	-0.27197188	0	-0.70710677	0.70710677	0	0.70710707	-0.70710707	0	-0.7071071	-0.7071071	0	0	0	0	-0.10623757	-0.01819372	0.0005513837	NaN	NaN	NaN	2.4927536e-07	1e-07	276
0	0	-0.2719719	0	-0.70710677	0.7071068	0	0.707107	-0.70710707	0	-0.7071071	-0.7071071	0	0	0	0	-0.106076114	-0.018192833	0.0004518136	NaN	NaN	NaN	2.570652e-07	1e-07	276
0	0	-0.27197188	0	-0.70710677	0.7071068	0	0.707107	-0.70710707	0	-0.7071071	-0.7071071	0	0	0	0	-0.10604193	-0.018224811	0.00035420462	NaN	NaN	NaN	2.6485506e-07	1e-07	276
0	0	-0.27197188	0	-0.70710677	0.7071068	0	0.70710707	-0.707107	0	-0.7071071	-0.7071071	0	0	0	0	-0.10614373	-0.018297955	0.00025791756	NaN	NaN	NaN	2.7264494e-07	1e-07	276
0	0	-0.27197188	0	-0.70710677	0.70710677	0	0.70710707	-0.70710707	0	-0.7071071	-0.7071071	0	0	0	0	-0.10638962	-0.018420286	0.0001623021	NaN	NaN	NaN	2.804348e-07	1e-07	276
0	0	-0.27197188	0	-0.70710677	0.70710677	0	0.70710707	-0.70710707	0	-0.7071071	-0.7071071	0	0	0	0	-0.106786884	-0.018599704	6.6692264e-05	NaN	NaN	NaN	2.8822464e-07	1e-07	276
0	0	-0.27197188	0	-0.70710677	0.70710677	0	0.707107	-0.707107	0	-0.7071071	-0.7071071	0	0	0	0	-0.10734215	-0.018844035	-2.9597928e-05	NaN	NaN	NaN	2.960145e-07	1e-07	276
0	0	-0.27197188	0	-0.7071068	0.7071068	0	0.70710707	-0.70710707	0	-0.7071071	-0.7071071	0	0	0	0	-0.10806127	-0.019161195	-0.0001272863	NaN	NaN	NaN	3.0380434e-07	1e-07	276
0	0	-0.27197188	0	-0.7071068	0.7071068	0	0.70710707	-0.707107	0	-0.7071071	-0.7071071	0	0	0	0	-0.10894965	-0.019559253	-0.00022712095	NaN	NaN	NaN	3.115942e-07	1e-07	276
0	0	-0.27197188	0	-0.7071068	0.70710677	0	0.70710707	-0.707107	0	-0.7071071	-0.7071071	0	0	0	0	-0.11001189	-0.02004657	-0.0003298858	NaN	NaN	NaN	3.1938407e-07	1e-07	276
0	0	-0.27197188	0	-0.70710677	0.70710677	0	0.70710707	-0.70710707	0	-0.7071071	-0.7071071	0	0	0	0	-0.11125175	-0.020631878	-0.00043641924	NaN	NaN	NaN	3.2717392e-07	1e-07	276
0	0	-0.27197188	0	-0.70710677	0.7071068	0	0.707107	-0.707107	0	-0.7071071	-0.7071071	0	0	0	0	-0.11267196	-0.021324407	-0.000547611	NaN	NaN	NaN	3.3496377e-07	1e-07	276
0	0	-0.2719719	0	-0.7071068	0.70710677	0	0.70710707	-0.70710707	0	-0.7071071	-0.7071071	0	0	0	0	-0.11427405	-0.022133961	-0.0006644131	NaN	NaN	NaN	3.4275362e-07	1e-07	276
0	0	-0.27197188	0	-0.70710677	0.7071068	0	0.707107	-0.70710707	0	-0.7071071	-0.7071071	0	0	0	0	-0.11605746	-0.023071075	-0.0007878396	NaN	NaN	NaN	3.5054347e-07	1e-07	276
0	0	-0.2719719	0	-0.70710677	0.7071068	0	0.70710707	-0.70710707	0	-0.7071071	-0.7071071	0	0	0	0	-0.118019626	-0.024147086	-0.0009189776	NaN	NaN	NaN	3.5833332e-07	1e-07	276
0	0	-0.27197188	0	-0.7071068	0.70710677	0	0.707107	-0.70710707	0	-0.7071071	-0.7071071	0	0	0	0	-0.120154485	-0.025374305	-0.0010589845	NaN	NaN	NaN	3.6612317e-07	1e-07	276
0	0	-0.2719719	0	-0.70710677	0.70710677	0	0.707107	-0.70710707	0	-0.7071071	-0.7071071	0	0	0	0	-0.122451805	-0.026766067	-0.0012090866	NaN	NaN	NaN	3.7391305e-07	1e-07	276
0	0	-0.27197188	0	-0.70710677	0.7071068	0	0.707107	-0.707107	0	-0.7071071	-0.7071071	0	0	0	0	-0.12489538	-0.028336879	-0.0013705599	NaN	NaN	NaN	3.817029e-07	1e-07	276
0	0	-0.2719719	0	-0.7071068	0.70710677	0	0.70710707	-0.707107	0	-0.7071071	-0.7071071	0	0	0	0	-0.12746125	-0.030102376	-0.0015447099	NaN	NaN	NaN	3.8949275e-07	1e-07	276
0	0	-0.27197188	0	-0.70710677	0.7071068	0	0.70710707	-0.707107	0	-0.7071071	-0.7071071	0	0	0	0	-0.13011478	-0.032079235	-0.0017328273	NaN	NaN	NaN	3.972826e-07	1e-07	276
0	0	-0.2719719	0	-0.7071068	0.70710677	0	0.70710707	-0.70710707	0	-0.7071071	-0.7071071	0	0	0	0	-0.13280734	-0.034284715	-0.0019361323	NaN	NaN	NaN	4.0507246e-07	1e-07	276
0	0	-0.2719719	0	-0.70710677	0.70710677	0	0.70710707	-0.707107	0	-0.7071071	-0.7071071	0	0	0	0	-0.13547125	-0.03673572	-0.0021556607	NaN	NaN	NaN	4.128623e-07	1e-07	276
0	0	-0.27197188	0	-0.7071068	0.70710677	0	0.70710707	-0.70710707	0	-0.7071071	-0.7071071	0	0	0	0	-0.13801362	-0.039446753	-0.0023921407	NaN	NaN	NaN	4.2065219e-07	1e-07	276
0	0	-0.27197188	0	-0.70710677	0.70710677	0	0.707107	-0.70710707	0	-0.7071071	-0.7071071	0	0	0	0	-0.14030807	-0.042425998	-0.0026457822	NaN	NaN	NaN	4.2844204e-07	1e-07	276
0	0	-0.2719719	0	-0.70710677	0.70710677	0	0.70710707	-0.70710707	0	-0.7071071	-0.7071071	0	0	0	0	-0.14218368	-0.045667663	-0.002916039	NaN	NaN	NaN	4.362319e-07	1e-07	276
0	0	-0.2719719	0	-0.7071068	0.70710677	0	0.70710707	-0.70710707	0	-0.7071071	-0.7071071	0	0	0	0	-0.14341296	-0.04913806	-0.0032013059	NaN	NaN	NaN	4.4402174e-07	1e-07	276
0	0	-0.27197188	0	-0.7071068	0.70710677	0	0.70710707	-0.70710707	0	-0.7071071	-0.7071071	0	0	0	0	-0.14370292	-0.052749906	-0.0034986231	NaN	NaN	NaN	4.518116e-07	1e-07	276
0	0	-0.27197188	0	-0.70710677	0.7071068	0	0.70710707	-0.70710707	0	-0.7071071	-0.7071071	0	0	0	0	-0.1426984	-0.05632583	-0.0038034054	NaN	NaN	NaN	4.5960144e-07	1e-07	276
0	0	-0.27197188	0	-0.70710677	0.7071068	0	0.70710707	-0.70710707	0	-0.7071071	-0.7071071	0	0	0	0	-0.14001362	-0.059552576	-0.0041093817	NaN	NaN	NaN	4.6739132e-07	1e-07	276
0	0	-0.27197188	0	-0.7071068	0.70710677	0	0.70710707	-0.70710707	0	-0.7071071	-0.7071071	0	0	0	0	-0.13531636	-0.06196014	-0.0044088163	NaN	NaN	NaN	4.7518117e-07	1e-07	276
0	0	-0.2719719	0	-0.70710677	0.70710677	0	0.70710707	-0.70710707	0	-0.7071071	-0.7071071	0	0	0	0	-0.12844767	-0.0629798	-0.0046930644	NaN	NaN	NaN	4.82971e-07	1e-07	276
0	0	-0.2719719	0	-0.7071068	0.7071068	0	0.70710707	-0.707107	0	-0.7071071	-0.7071071	0	0	0	0	-0.119501725	-0.062114246	-0.0049533676	NaN	NaN	NaN	4.907609e-07	1e-07	276
0	0	-0.27197188	0	-0.70710677	0.70710677	0	0.707107	-0.70710707	0	-0.7071071	-0.7071071	0	0	0	0	-0.108781934	-0.059144944	-0.005181722	NaN	NaN	NaN	4.985507e-07	1e-07	276
0	0	-0.27197188	0	-0.70710677	0.70710677	0	0.70710707	-0.707107	0	-0.7071071	-0.7071071	0	0	0	0	-0.09666312	-0.05423673	-0.005371462	NaN	NaN	NaN	5.063406e-07	1e-07	276
0	0	-0.2719719	0	-0.70710677	0.70710677	0	0.707107	-0.70710707	0	-0.7071071	-0.7071071	0	0	0	0	-0.083491415	-0.04789163	-0.0055175945	NaN	NaN	NaN	5.141304e-07	1e-07	276
0	0	-0.27197188	0	-0.7071068	0.70710677	0	0.70710707	-0.707107	0	-0.7071071	-0.7071071	0	0	0	0	-0.069589995	-0.04081174	-0.0056168833	NaN	NaN	NaN	5.219203e-07	1e-07	276
0	0	-0.27197188	0	-0.7071068	0.7071068	0	0.70710707	-0.70710707	0	-0.7071071	-0.7071071	0	0	0	0	-0.055319916	-0.0337286	-0.005667931	NaN	NaN	NaN	5.297101e-07	1e-07	276
0	0	-0.2719719	0	-0.70710677	0.70710677	0	0.70710707	-0.70710707	0	-0.7071071	-0.7071071	0	0	0	0	-0.041103803	-0.02725308	-0.0056711864	NaN	NaN	NaN	5.375e-07	1e-07	276
0	0	-0.27197188	0	-0.70710677	0.7071068	0	0.707107	-0.70710707	0	-0.7071071	-0.7071071	0	0	0	0	-0.02738169	-0.021778144	-0.0056289216	NaN	NaN	NaN	5.452899e-07	1e-07	276
0	0	-0.27197188	0	-0.70710677	0.7071068	0	0.70710707	-0.70710707	0	-0.7071071	-0.7071071	0	0	0	0	-0.014539545	-0.017463248	-0.005545037	NaN	NaN	NaN	5.530797e-07	1e-07	276
0	0	-0.27197188	0	-0.70710677	0.7071068	0	0.707107	-0.70710707	0	-0.7071071	-0.7071071	0	0	0	0	-0.0028526462	-0.014290143	-0.0054246946	NaN	NaN	NaN	5.608696e-07	1e-07	276
0	0	-0.27197188	0	-0.70710677	0.70710677	0	0.70710707	-0.707107	0	-0.7071071	-0.7071071	0	0	0	0	0.007524216	-0.012139441	-0.005273828	NaN	NaN	NaN	5.686594e-07	1e-07	276
0	0	-0.27197188	0	-0.7071068	0.7071068	0	0.707107	-0.70710707	0	-0.7071071	-0.7071071	0	0	0	0	0.016537845	-0.010849154	-0.005098647	NaN	NaN	NaN	5.764493e-07	1e-07	276
0	0	-0.27197188	0	-0.70710677	0.70710677	0	0.70710707	-0.70710707	0	-0.7071071	-0.7071071	0	0	0	0	0.02420831	-0.010249956	-0.0049052136	NaN	NaN	NaN	5.842391e-07	1e-07	276
0	0	-0.2719719	0	-0.70710677	0.70710677	0	0.707107	-0.707107	0	-0.7071071	-0.7071071	0	0	0	0	0.030599995	-0.010185883	-0.0046991436	NaN	NaN	NaN	5.92029e-07	1e-07	276
0	0	-0.2719719	0	-0.70710677	0.7071068	0	0.70710707	-0.70710707	0	-0.7071071	-0.7071071	0	0	0	0	0.03580202	-0.010520487	-0.0044854213	NaN	NaN	NaN	5.9981886e-07	1e-07	276
0	0	-0.27197188	0	-0.70710677	0.7071068	0	0.7071071	-0.70710707	0	-0.7071071	-0.7071071	0	0	0	0	0.039914817	-0.011138289	-0.0042683273	NaN	NaN	NaN	6.076087e-07	1e-07	276
0	0	-0.27197188	0	-0.70710677	0.7071068	0	0.70710707	-0.70710707	0	-0.7071071	-0.7071071	0	0	0	0	0.043041687	-0.011943709	-0.0040514306	NaN	NaN	NaN	6.1539856e-07	1e-07	276
0	0	-0.2719719	0	-0.70710677	0.7071068	0	0.70710707	-0.70710707	0	-0.7071071	-0.7071071	0	0	0	0	0.04528421	-0.012859209	-0.0038376425	NaN	NaN	NaN	6.231884e-07	1e-07	276
0	0	-0.27197188	0	-0.70710677	0.70710677	0	0.70710707	-0.70710707	0	-0.7071071	-0.7071071	0	0	0	0	0.04673946	-0.013823202	-0.0036292546	NaN	NaN	NaN	6.3097826e-07	1e-07	276
0	0	-0.27197188	0	-0.70710677	0.7071068	0	0.70710707	-0.70710707	0	-0.7071071	-0.7071071	0	0	0	0	0.047498554	-0.014788097	-0.0034280485	NaN	NaN	NaN	6.3876814e-07	1e-07	276
0	0	-0.2719719	0	-0.70710677	0.7071068	0	0.70710707	-0.70710707	0	-0.7071071	-0.7071071	0	0	0	0	0.047645915	-0.015718486	-0.0032353501	NaN	NaN	NaN	6.4655796e-07	1e-07	276
0	0	-0.27197188	0	-0.7071068	0.7071068	0	0.707107	-0.707107	0	-0.7071071	-0.7071071	0	0	0	0	0.047258925	-0.016589534	-0.0030521145	NaN	NaN	NaN	6.5434784e-07	1e-07	276
0	0	-0.27197188	0	-0.70710677	0.70710677	0	0.70710707	-0.707107	0	-0.7071071	-0.7071071	0	0	0	0	0.046408076	-0.017385408	-0.0028789833	NaN	NaN	NaN	6.6213767e-07	1e-07	276
0	0	-0.27197188	0	-0.70710677	0.7071068	0	0.707107	-0.70710707	0	-0.7071071	-0.7071071	0	0	0	0	0.045156643	-0.01809789	-0.0027163478	NaN	NaN	NaN	6.6992754e-07	1e-07	276
0	0	-0.27197188	0	-0.70710677	0.7071068	0	0.70710707	-0.70710707	0	-0.7071071	-0.7071071	0	0	0	0	0.043560963	-0.01872501	-0.0025644007	NaN	NaN	NaN	6.7771737e-07	1e-07	276
0	0	-0.27197188	0	-0.70710677	0.70710677	0	0.70710707	-0.70710707	0	-0.7071071	-0.7071071	0	0	0	0	0.04167085	-0.019269848	-0.0024231903	NaN	NaN	NaN	6.8550725e-07	1e-07	276
0	0	-0.27197188	0	-0.7071068	0.70710677	0	0.70710707	-0.707107	0	-0.7071071	-0.7071071	0	0	0	0	0.039529655	-0.01973943	-0.0022926263	NaN	NaN	NaN	6.932971e-07	1e-07	276
0	0	-0.2719719	0	-0.70710677	0.7071068	0	0.7071071	-0.707107	0	-0.7071071	-0.7071071	0	0	0	0	0.037174746	-0.020143775	-0.002172554	NaN	NaN	NaN	7.0108695e-07	1e-07	276
0	0	-0.27197188	0	-0.70710677	0.70710677	0	0.70710707	-0.707107	0	-0.7071071	-0.7071071	0	0	0	0	0.034637935	-0.02049506	-0.0020627514	NaN	NaN	NaN	7.088768e-07	1e-07	276
0	0	-0.27197188	0	-0.7071068	0.70710677	0	0.70710707	-0.707107	0	-0.7071071	-0.7071071	0	0	0	0	0.03194587	-0.020806996	-0.0019629733	NaN	NaN	NaN	7.1666665e-07	1e-07	276
0	0	-0.2719719	0	-0.70710677	0.7071068	0	0.70710707	-0.707107	0	-0.7071071	-0.7071071	0	0	0	0	0.029120551	-0.021094278	-0.0018729483	NaN	NaN	NaN	7.244565e-07	1e-07	276
0	0	-0.27197188	0	-0.7071068	0.70710677	0	0.707107	-0.70710707	0	-0.7071071	-0.7071071	0	0	0	0	0.026179696	-0.021372234	-0.0017924166	NaN	NaN	NaN	7.3224635e-07	1e-07	276
0	0	-0.27197188	0	-0.70710677	0.70710677	0	0.70710707	-0.70710707	0	-0.7071071	-0.7071071	0	0	0	0	0.023137283	-0.021656588	-0.0017211263	NaN	NaN	NaN	7.400362e-07	1e-07	276
0	0	-0.27197188	0	-0.7071068	0.70710677	0	0.7071071	-0.70710707	0	-0.7071071	-0.7071071	0	0	0	0	0.02000369	-0.021963313	-0.0016588632	NaN	NaN	NaN	7.478261e-07	1e-07	276
0	0	-0.2719719	0	-0.70710677	0.70710677	0	0.70710707	-0.707107	0	-0.7071071	-0.7071071	0	0	0	0	0.016786544	-0.0223086	-0.0016054438	NaN	NaN	NaN	7.5561593e-07	1e-07	276
0	0	-0.27197188	0	-0.7071068	0.7071068	0	0.70710707	-0.70710707	0	-0.7071071	-0.7071071	0	0	0	0	0.013490373	-0.022708932	-0.0015607387	NaN	NaN	NaN	7.634058e-07	1e-07	276
0	0	-0.2719719	0	-0.70710677	0.7071068	0	0.707107	-0.70710707	0	-0.7071071	-0.7071071	0	0	0	0	0.010117789	-0.023181189	-0.0015246628	NaN	NaN	NaN	7.7119563e-07	1e-07	276
0	0	-0.27197188	0	-0.70710677	0.70710677	0	0.70710707	-0.70710707	0	-0.7071071	-0.7071071	0	0	0	0	0.006668819	-0.02374289	-0.0014972015	NaN	NaN	NaN	7.789855e-07	1e-07	276
0	0	-0.27197188	0	-0.7071068	0.70710677	0	0.70710707	-0.70710707	0	-0.7071071	-0.7071071	0	0	0	0	0.003142076	-0.024412388	-0.0014784037	NaN	NaN	NaN	7.867754e-07	1e-07	276
0	0	-0.27197188	0	-0.7071068	0.70710677	0	0.70710707	-0.70710707	0	-0.7071071	-0.7071071	0	0	0	0	-0.0004655578	-0.025209248	-0.0014684038	NaN	NaN	NaN	7.945652e-07	1e-07	276
0	0	-0.27197188	0	-0.7071068	0.7071068	0	0.707107	-0.70710707	0	-0.7071071	-0.7071071	0	0	0	0	-0.0041584293	-0.026154565	-0.0014674035	NaN	NaN	NaN	8.023551e-07	1e-07	276
0	0	-0.27197188	0	-0.70710677	0.7071068	0	0.70710707	-0.70710707	0	-0.7071071	-0.7071071	0	0	0	0	-0.007941635	-0.027271427	-0.001475707	NaN	NaN	NaN	8.101449e-07	1e-07	276
0	0	-0.27197188	0	-0.70710677	0.70710677	0	0.707107	-0.70710707	0	-0.7071071	-0.7071071	0	0	0	0	-0.011820981	-0.028585337	-0.0014937026	NaN	NaN	NaN	8.179348e-07	1e-07	276
0	0	-0.27197188	0	-0.7071068	0.7071068	0	0.70710707	-0.70710707	0	-0.7071071	-0.7071071	0	0	0	0	-0.015802324	-0.030124785	-0.0015218838	NaN	NaN	NaN	8.257246e-07	1e-07	276
0	0	-0.2719719	0	-0.70710677	0.70710677	0	0.707107	-0.70710707	0	-0.7071071	-0.7071071	0	0	0	0	-0.019890865	-0.03192175	-0.0015608405	NaN	NaN	NaN	8.335145e-07	1e-07	276
0	0	-0.2719719	0	-0.70710677	0.70710677	0	0.707107	-0.707107	0	-0.7071071	-0.7071071	0	0	0	0	-0.024090637	-0.034012347	-0.0016112764	NaN	NaN	NaN	8.4130437e-07	1e-07	276
0	0	-0.27197188	0	-0.70710677	0.7071068	0	0.70710707	-0.707107	0	-0.7071071	-0.7071071	0	0	0	0	-0.028403236	-0.036437348	-0.0016739788	NaN	NaN	NaN	8.490942e-07	1e-07	276
0	0	-0.2719719	0	-0.70710677	0.70710677	0	0.70710707	-0.70710707	0	-0.7071071	-0.7071071	0	0	0	0	-0.032826826	-0.039242785	-0.0017498389	NaN	NaN	NaN	8.5688407e-07	1e-07	276
0	0	-0.2719719	0	-0.70710677	0.70710677	0	0.70710707	-0.70710707	0	-0.7071071	-0.7071071	0	0	0	0	-0.037354063	-0.042480305	-0.0018398014	NaN	NaN	NaN	8.646739e-07	1e-07	276
0	0	-0.2719719	0	-0.70710677	0.70710677	0	0.70710707	-0.707107	0	-0.7071071	-0.7071071	0	0	0	0	-0.041970067	-0.046207305	-0.0019448657	NaN	NaN	NaN	8.724638e-07	1e-07	276
0	0	-0.27197188	0	-0.7071068	0.70710677	0	0.70710707	-0.707107	0	-0.7071071	-0.7071071	0	0	0	0	-0.04664913	-0.050486572	-0.0020659955	NaN	NaN	NaN	8.8025365e-07	1e-07	276
0	0	-0.27197188	0	-0.70710677	0.70710677	0	0.70710707	-0.70710707	0	-0.7071071	-0.7071071	0	0	0	0	-0.051351488	-0.055385012	-0.00220409	NaN	NaN	NaN	8.880435e-07	1e-07	276
0	0	-0.27197188	0	-0.7071068	0.70710677	0	0.70710707	-0.707107	0	-0.7071071	-0.7071071	0	0	0	0	-0.056018375	-0.060971018	-0.0023598438	NaN	NaN	NaN	8.9583335e-07	1e-07	276
0	0	-0.27197188	0	-0.70710677	0.70710677	0	0.70710707	-0.70710707	0	-0.7071071	-0.7071071	0	0	0	0	-0.060567256	-0.067309655	-0.002533654	NaN	NaN	NaN	9.036232e-07	1e-07	276
0	0	-0.27197188	0	-0.7071068	0.7071068	0	0.707107	-0.707107	0	-0.7071071	-0.7071071	0	0	0	0	-0.06488677	-0.074454814	-0.0027254382	NaN	NaN	NaN	9.1141305e-07	1e-07	276
0	0	-0.27197188	0	-0.70710677	0.70710677	0	0.70710707	-0.707107	0	-0.7071071	-0.7071071	0	0	0	0	-0.0688335	-0.08243722	-0.002934514	NaN	NaN	NaN	9.192029e-07	1e-07	276
0	0	-0.27197188	0	-0.7071068	0.70710677	0	0.707107	-0.70710707	0	-0.7071071	-0.7071071	0	0	0	0	-0.07223302	-0.09124831	-0.0031593936	NaN	NaN	NaN	9.2699275e-07	1e-07	276
0	0	-0.2719719	0	-0.7071068	0.7071068	0	0.707107	-0.70710707	0	-0.7071071	-0.7071071	0	0	0	0	-0.07488923	-0.10082127	-0.003397721	NaN	NaN	NaN	9.3478263e-07	1e-07	276
0	0	-0.2719719	0	-0.70710677	0.7071068	0	0.707107	-0.70710707	0	-0.7071071	-0.7071071	0	0	0	0	-0.07660515	-0.111014776	-0.0036462247	NaN	NaN	NaN	9.4257246e-07	1e-07	276
0	0	-0.27197188	0	-0.7071068	0.7071068	0	0.70710707	-0.70710707	0	-0.7071071	-0.7071071	0	0	0	0	-0.077215955	-0.12160821	-0.003900847	NaN	NaN	NaN	9.5036233e-07	1e-07	276
0	0	-0.2719719	0	-0.7071068	0.7071068	0	0.707107	-0.707107	0	-0.7071071	-0.7071071	0	0	0	0	-0.07662494	-0.13231798	-0.0041569523	NaN	NaN	NaN	9.581522e-07	1e-07	276
0	0	-0.2719719	0	-0.7071068	0.7071068	0	0.70710707	-0.70710707	0	-0.7071071	-0.7071071	0	0	0	0	-0.07482853	-0.14283569	-0.0044097137	NaN	NaN	NaN	9.65942e-07	1e-07	276
0	0	-0.2719719	0	-0.70710677	0.70710677	0	0.70710707	-0.707107	0	-0.7071071	-0.7071071	0	0	0	0	-0.07191624	-0.15287647	-0.004654466	NaN	NaN	NaN	9.737319e-07	1e-07	276
0	0	-0.27197188	0	-0.70710677	0.70710677	0	0.707107	-0.707107	0	-0.7071071	-0.7071071	0	0	0	0	-0.06804563	-0.16221692	-0.0048870826	NaN	NaN	NaN	9.815218e-07	1e-07	276
0	0	-0.2719719	0	-0.7071068	0.70710677	0	0.70710707	-0.70710707	0	-0.7071071	-0.7071071	0	0	0	0	-0.06340634	-0.1707117	-0.0051041893	NaN	NaN	NaN	9.893116e-07	1e-07	276
0	0	-0.27197188	0	-0.70710677	0.7071068	0	0.707107	-0.70710707	0	-0.7071071	-0.7071071	0	0	0	0	-0.058186874	-0.17828831	-0.0053032907	NaN	NaN	NaN	9.971014e-07	1e-07	276
0	0	-0.27197188	0	-0.70710677	0.7071068	0	0.70710707	-0.70710707	0	-0.7071071	-0.7071071	0	0	0	0	-0.0525539	-0.184931	-0.005482722	NaN	NaN	NaN	1.0048913e-06	1e-07	276
0	0	-0.27197188	0	-0.70710677	0.7071068	0	0.707107	-0.70710707	0	-0.7071071	-0.7071071	0	0	0	0	-0.04664295	-0.19066133	-0.005641571	NaN	NaN	NaN	1.0126812e-06	1e-07	276
0	0	-0.27197188	0	-0.70710677	0.70710677	0	0.707107	-0.70710707	0	-0.7071071	-0.7071071	0	0	0	0	-0.04055715	-0.19552217	-0.0057794936	NaN	NaN	NaN	1.020471e-06	1e-07	276
0	0	-0.27197188	0	-0.70710677	0.70710677	0	0.70710707	-0.707107	0	-0.7071071	-0.7071071	0	0	0	0	-0.03437067	-0.19956513	-0.0058965585	NaN	NaN	NaN	1.0282608e-06	1e-07	276
0	0	-0.27197188	0	-0.70710677	0.70710677	0	0.70710707	-0.70710707	0	-0.7071071	-0.7071071	0	0	0	0	-0.02813387	-0.20284276	-0.00599309	NaN	NaN	NaN	1.0360508e-06	1e-07	276
0	0	-0.27197188	0	-0.70710677	0.7071068	0	0.707107	-0.707107	0	-0.7071071	-0.7071071	0	0	0	0	-0.021877987	-0.20540294	-0.006069541	NaN	NaN	NaN	1.0438406e-06	1e-07	276
0	0	-0.27197188	0	-0.7071068	0.70710677	0	0.707107	-0.70710707	0	-0.7071071	-0.7071071	0	0	0	0	-0.0156204505	-0.20728631	-0.006126375	NaN	NaN	NaN	1.0516304e-06	1e-07	276
0	0	-0.27197188	0	-0.70710677	0.7071068	0	0.70710707	-0.70710707	0	-0.7071071	-0.7071071	0	0	0	0	-0.009368289	-0.20852414	-0.0061640115	NaN	NaN	NaN	1.0594202e-06	1e-07	276
0	0	-0.2719719	0	-0.70710677	0.7071068	0	0.707107	-0.70710707	0	-0.7071071	-0.7071071	0	0	0	0	-0.0031220024	-0.20913772	-0.006182749	NaN	NaN	NaN	1.0672102e-06	1e-07	276
0	0	-0.27197188	0	-0.70710677	0.70710677	0	0.707107	-0.70710707	0	-0.7071071	-0.7071071	0	0	0	0	0.0031219919	-0.20913772	-0.00618275	NaN	NaN	NaN	1.075e-06	1e-07	276
0	0	-0.2719719	0	-0.7071068	0.7071068	0	0.707107	-0.707107	0	-0.7071071	-0.7071071	0	0	0	0	0.00936829	-0.20852417	-0.0061640115	NaN	NaN	NaN	1.0827898e-06	1e-07	276
0	0	-0.27197188	0	-0.70710677	0.70710677	0	0.707107	-0.70710707	0	-0.7071071	-0.7071071	0	0	0	0	0.01562043	-0.2072863	-0.006126377	NaN	NaN	NaN	1.0905798e-06	1e-07	276
0	0	-0.2719719	0	-0.7071068	0.7071068	0	0.70710707	-0.70710707	0	-0.7071071	-0.7071071	0	0	0	0	0.021877991	-0.20540297	-0.006069539	NaN	NaN	NaN	1.0983696e-06	1e-07	276
0	0	-0.2719719	0	-0.70710677	0.70710677	0	0.707107	-0.707107	0	-0.7071071	-0.7071071	0	0	0	0	0.028133858	-0.20284274	-0.0059930882	NaN	NaN	NaN	1.1061594e-06	1e-07	276
0	0	-0.27197188	0	-0.70710677	0.7071068	0	0.707107	-0.707107	0	-0.7071071	-0.7071071	0	0	0	0	0.03437067	-0.19956519	-0.0058965553	NaN	NaN	NaN	1.1139492e-06	1e-07	276
0	0	-0.27197188	0	-0.70710677	0.70710677	0	0.70710707	-0.707107	0	-0.7071071	-0.7071071	0	0	0	0	0.04055714	-0.19552214	-0.0057794917	NaN	NaN	NaN	1.1217392e-06	1e-07	276
0	0	-0.27197188	0	-0.70710677	0.70710677	0	0.70710707	-0.70710707	0	-0.7071071	-0.7071071	0	0	0	0	0.04664294	-0.19066136	-0.00564157	NaN	NaN	NaN	1.129529e-06	1e-07	276
0	0	-0.2719719	0	-0.7071068	0.70710677	0	0.70710707	-0.70710707	0	-0.7071071	-0.7071071	0	0	0	0	0.05255392	-0.184931	-0.0054827235	NaN	NaN	NaN	1.1373188e-06	1e-07	276
0	0	-0.2719719	0	-0.70710677	0.7071068	0	0.70710707	-0.70710707	0	-0.7071071	-0.7071071	0	0	0	0	0.058186844	-0.17828834	-0.005303287	NaN	NaN	NaN	1.1451087e-06	1e-07	276
0	0	-0.27197188	0	-0.7071068	0.70710677	0	0.70710707	-0.70710707	0	-0.7071071	-0.7071071	0	0	0	0	0.06340631	-0.17071168	-0.0051041916	NaN	NaN	NaN	1.1528986e-06	1e-07	276
0	0	-0.2719719	0	-0.70710677	0.7071068	0	0.707107	-0.70710707	0	-0.7071071	-0.7071071	0	0	0	0	0.06804566	-0.16221695	-0.004887081	NaN	NaN	NaN	1.1606884e-06	1e-07	276
0	0	-0.27197188	0	-0.70710677	0.70710677	0	0.70710707	-0.70710707	0	-0.7071071	-0.7071071	0	0	0	0	0.07191623	-0.15287645	-0.004654466	NaN	NaN	NaN	1.1684782e-06	1e-07	276
0	0	-0.2719719	0	-0.70710677	0.70710677	0	0.70710707	-0.70710707	0	-0.7071071	-0.7071071	0	0	0	0	0.07482855	-0.1428357	-0.0044097123	NaN	NaN	NaN	1.1762681e-06	1e-07	276
0	0	-0.27197188	0	-0.70710677	0.7071068	0	0.707107	-0.70710707	0	-0.7071071	-0.7071071	0	0	0	0	0.07662494	-0.13231798	-0.0041569546	NaN	NaN	NaN	1.184058e-06	1e-07	276
0	0	-0.2719719	0	-0.70710677	0.7071068	0	0.707107	-0.707107	0	-0.7071071	-0.7071071	0	0	0	0	0.07721594	-0.12160824	-0.0039008465	NaN	NaN	NaN	1.1918478e-06	1e-07	276
0	0	-0.27197188	0	-0.7071068	0.70710677	0	0.70710707	-0.70710707	0	-0.7071071	-0.7071071	0	0	0	0	0.07660517	-0.111014776	-0.0036462299	NaN	NaN	NaN	1.1996377e-06	1e-07	276
0	0	-0.27197188	0	-0.7071068	0.70710677	0	0.70710707	-0.70710707	0	-0.7071071	-0.7071071	0	0	0	0	0.07488918	-0.100821294	-0.0033977234	NaN	NaN	NaN	1.2074275e-06	1e-07	276
0	0	-0.2719719	0	-0.70710677	0.70710677	0	0.70710707	-0.707107	0	-0.7071071	-0.7071071	0	0	0	0	0.07223302	-0.09124831	-0.0031593973	NaN	NaN	NaN	1.2152174e-06	1e-07	276
0	0	-0.27197188	0	-0.70710677	0.70710677	0	0.70710707	-0.707107	0	-0.7071071	-0.7071071	0	0	0	0	0.06883352	-0.08243724	-0.0029345148	NaN	NaN	NaN	1.2230073e-06	1e-07	276
0	0	-0.2719719	0	-0.70710677	0.7071068	0	0.70710707	-0.70710707	0	-0.7071071	-0.7071071	0	0	0	0	0.064886756	-0.074454814	-0.0027254436	NaN	NaN	NaN	1.2307971e-06	1e-07	276
0	0	-0.2719719	0	-0.70710677	0.7071068	0	0.70710707	-0.70710707	0	-0.7071071	-0.7071071	0	0	0	0	0.060567256	-0.06730966	-0.002533654	NaN	NaN	NaN	1.238587e-06	1e-07	276
0	0	-0.2719719	0	-0.70710677	0.7071068	0	0.707107	-0.70710707	0	-0.7071071	-0.7071071	0	0	0	0	0.056018386	-0.060971014	-0.00235985	NaN	NaN	NaN	1.2463768e-06	1e-07	276
0	0	-0.2719719	0	-0.7071068	0.70710677	0	0.707107	-0.70710707	0	-0.7071071	-0.7071071	0	0	0	0	0.051351514	-0.055385012	-0.0022040915	NaN	NaN	NaN	1.2541667e-06	1e-07	276
0	0	-0.27197188	0	-0.7071068	0.70710677	0	0.707107	-0.707107	0	-0.7071071	-0.7071071	0	0	0	0	0.046649177	-0.050486572	-0.0020659997	NaN	NaN	NaN	1.2619565e-06	1e-07	276
0	0	-0.2719719	0	-0.70710677	0.7071068	0	0.70710707	-0.707107	0	-0.7071071	-0.7071071	0	0	0	0	0.041970007	-0.046207305	-0.0019448637	NaN	NaN	NaN	1.2697463e-06	1e-07	276
0	0	-0.27197188	0	-0.70710677	0.7071068	0	0.70710707	-0.707107	0	-0.7071071	-0.7071071	0	0	0	0	0.03735409	-0.04248031	-0.0018398059	NaN	NaN	NaN	1.2775363e-06	1e-07	276
0	0	-0.2719719	0	-0.70710677	0.70710677	0	0.707107	-0.707107	0	-0.7071071	-0.7071071	0	0	0	0	0.03282685	-0.039242793	-0.0017498384	NaN	NaN	NaN	1.2853261e-06	1e-07	276
0	0	-0.27197188	0	-0.7071068	0.7071068	0	0.70710707	-0.70710707	0	-0.7071071	-0.7071071	0	0	0	0	0.02840325	-0.03643735	-0.0016739819	NaN	NaN	NaN	1.2931159e-06	1e-07	276
0	0	-0.27197188	0	-0.70710677	0.70710677	0	0.70710707	-0.70710707	0	-0.7071071	-0.7071071	0	0	0	0	0.024090623	-0.034012347	-0.0016112772	NaN	NaN	NaN	1.3009058e-06	1e-07	276
0	0	-0.27197188	0	-0.7071068	0.70710677	0	0.707107	-0.70710707	0	-0.7071071	-0.7071071	0	0	0	0	0.019890888	-0.03192175	-0.0015608472	NaN	NaN	NaN	1.3086957e-06	1e-07	276
0	0	-0.27197188	0	-0.70710677	0.70710677	0	0.70710707	-0.707107	0	-0.7071071	-0.7071071	0	0	0	0	0.015802313	-0.030124782	-0.001521887	NaN	NaN	NaN	1.3164855e-06	1e-07	276
0	0	-0.27197188	0	-0.70710677	0.7071068	0	0.70710707	-0.707107	0	-0.7071071	-0.7071071	0	0	0	0	0.011821024	-0.028585339	-0.0014937053	NaN	NaN	NaN	1.3242753e-06	1e-07	276
0	0	-0.2719719	0	-0.7071068	0.7071068	0	0.707107	-0.70710707	0	-0.7071071	-0.7071071	0	0	0	0	0.007941641	-0.027271427	-0.0014757069	NaN	NaN	NaN	1.3320653e-06	1e-07	276
0	0	-0.27197188	0	-0.7071068	0.7071068	0	0.70710707	-0.70710707	0	-0.7071071	-0.7071071	0	0	0	0	0.0041583977	-0.026154568	-0.0014674058	NaN	NaN	NaN	1.3398551e-06	1e-07	276
0	0	-0.2719719	0	-0.7071068	0.70710677	0	0.70710707	-0.707107	0	-0.7071071	-0.7071071	0	0	0	0	0.00046557654	-0.02520925	-0.0014684038	NaN	NaN	NaN	1.3476449e-06	1e-07	276
0	0	-0.2719719	0	-0.7071068	0.7071068	0	0.70710707	-0.70710707	0	-0.7071071	-0.7071071	0	0	0	0	-0.0031420768	-0.02441239	-0.0014784037	NaN	NaN	NaN	1.3554347e-06	1e-07	276
0	0	-0.27197188	0	-0.7071068	0.7071068	0	0.70710707	-0.70710707	0	-0.7071071	-0.7071071	0	0	0	0	-0.006668824	-0.02374289	-0.0014971985	NaN	NaN	NaN	1.3632247e-06	1e-07	276
0	0	-0.2719719	0	-0.70710677	0.7071068	0	0.70710707	-0.70710707	0	-0.7071071	-0.7071071	0	0	0	0	-0.010117766	-0.023181193	-0.0015246633	NaN	NaN	NaN	1.3710145e-06	1e-07	276
0	0	-0.2719719	0	-0.7071068	0.70710677	0	0.707107	-0.707107	0	-0.7071071	-0.7071071	0	0	0	0	-0.0134903975	-0.02270893	-0.0015607409	NaN	NaN	NaN	1.3788043e-06	1e-07	276
0	0	-0.27197188	0	-0.70710677	0.70710677	0	0.70710707	-0.70710707	0	-0.7071071	-0.7071071	0	0	0	0	-0.01678651	-0.022308601	-0.0016054482	NaN	NaN	NaN	1.3865942e-06	1e-07	276
0	0	-0.27197188	0	-0.70710677	0.70710677	0	0.70710707	-0.707107	0	-0.7071071	-0.7071071	0	0	0	0	-0.020003745	-0.021963313	-0.0016588664	NaN	NaN	NaN	1.3943841e-06	1e-07	276
0	0	-0.27197188	0	-0.70710677	0.7071068	0	0.707107	-0.70710707	0	-0.7071071	-0.7071071	0	0	0	0	-0.023137236	-0.021656588	-0.0017211305	NaN	NaN	NaN	1.4021739e-06	1e-07	276
0	0	-0.27197188	0	-0.7071068	0.7071068	0	0.70710707	-0.70710707	0	-0.7071071	-0.7071071	0	0	0	0	-0.02617971	-0.02137224	-0.0017924184	NaN	NaN	NaN	1.4099637e-06	1e-07	276
0	0	-0.27197188	0	-0.7071068	0.70710677	0	0.707107	-0.707107	0	-0.7071071	-0.7071071	0	0	0	0	-0.029120551	-0.02109428	-0.0018729501	NaN	NaN	NaN	1.4177537e-06	1e-07	276
0	0	-0.27197188	0	-0.70710677	0.7071068	0	0.707107	-0.70710707	0	-0.7071071	-0.7071071	0	0	0	0	-0.031945866	-0.020807004	-0.0019629751	NaN	NaN	NaN	1.4255435e-06	1e-07	276
0	0	-0.2719719	0	-0.70710677	0.7071068	0	0.70710707	-0.707107	0	-0.7071071	-0.7071071	0	0	0	0	-0.03463793	-0.020495068	-0.002062756	NaN	NaN	NaN	1.4333333e-06	1e-07	276
0	0	-0.27197188	0	-0.70710677	0.7071068	0	0.7071071	-0.707107	0	-0.7071071	-0.7071071	0	0	0	0	-0.03717473	-0.020143785	-0.0021725544	NaN	NaN	NaN	1.4411232e-06	1e-07	276
0	0	-0.27197188	0	-0.7071068	0.70710677	0	0.70710707	-0.70710707	0	-0.7071071	-0.7071071	0	0	0	0	-0.039529674	-0.019739442	-0.0022926272	NaN	NaN	NaN	1.448913e-06	1e-07	276
0	0	-0.2719719	0	-0.7071068	0.70710677	0	0.70710707	-0.70710707	0	-0.7071071	-0.7071071	0	0	0	0	-0.04167086	-0.019269861	-0.0024231884	NaN	NaN	NaN	1.4567029e-06	1e-07	276
0	0	-0.27197188	0	-0.70710677	0.70710677	0	0.70710707	-0.70710707	0	-0.7071071	-0.7071071	0	0	0	0	-0.043560963	-0.01872502	-0.0025644025	NaN	NaN	NaN	1.4644927e-06	1e-07	276
0	0	-0.2719719	0	-0.7071068	0.70710677	0	0.707107	-0.70710707	0	-0.7071071	-0.7071071	0	0	0	0	-0.045156635	-0.018097905	-0.0027163452	NaN	NaN	NaN	1.4722826e-06	1e-07	276
0	0	-0.27197188	0	-0.7071068	0.70710677	0	0.70710707	-0.70710707	0	-0.7071071	-0.7071071	0	0	0	0	-0.046408087	-0.01738542	-0.002878981	NaN	NaN	NaN	1.4800725e-06	1e-07	276
0	0	-0.2719719	0	-0.70710677	0.7071068	0	0.707107	-0.707107	0	-0.7071071	-0.7071071	0	0	0	0	-0.047258943	-0.016589545	-0.0030521136	NaN	NaN	NaN	1.4878623e-06	1e-07	276
0	0	-0.27197188	0	-0.7071068	0.7071068	0	0.70710707	-0.70710707	0	-0.7071071	-0.7071071	0	0	0	0	-0.047645885	-0.015718492	-0.0032353494	NaN	NaN	NaN	1.4956522e-06	1e-07	276
0	0	-0.27197188	0	-0.70710677	0.70710677	0	0.707107	-0.70710707	0	-0.7071071	-0.7071071	0	0	0	0	-0.047498543	-0.014788105	-0.0034280433	NaN	NaN	NaN	1.503442e-06	1e-07	276
0	0	-0.27197188	0	-0.70710677	0.7071068	0	0.70710707	-0.707107	0	-0.7071071	-0.7071071	0	0	0	0	-0.04673943	-0.013823215	-0.0036292481	NaN	NaN	NaN	1.5112319e-06	1e-07	276
0	0	-0.27197188	0	-0.70710677	0.70710677	0	0.707107	-0.707107	0	-0.7071071	-0.7071071	0	0	0	0	-0.045284238	-0.012859225	-0.0038376348	NaN	NaN	NaN	1.5190218e-06	1e-07	276
0	0	-0.27197188	0	-0.70710677	0.7071068	0	0.70710707	-0.707107	0	-0.7071071	-0.7071071	0	0	0	0	-0.043041684	-0.011943718	-0.004051429	NaN	NaN	NaN	1.5268116e-06	1e-07	276
0	0	-0.27197188	0	-0.7071068	0.70710677	0	0.70710707	-0.70710707	0	-0.7071071	-0.7071071	0	0	0	0	-0.039914824	-0.011138297	-0.0042683263	NaN	NaN	NaN	1.5346014e-06	1e-07	276
0	0	-0.2719719	0	-0.70710677	0.70710677	0	0.70710707	-0.70710707	0	-0.7071071	-0.7071071	0	0	0	0	-0.035802063	-0.0105204955	-0.0044854213	NaN	NaN	NaN	1.5423913e-06	1e-07	276
0	0	-0.27197188	0	-0.70710677	0.70710677	0	0.70710707	-0.70710707	0	-0.7071071	-0.7071071	0	0	0	0	-0.030600006	-0.010185891	-0.004699146	NaN	NaN	NaN	1.5501812e-06	1e-07	276
0	0	-0.27197188	0	-0.70710677	0.70710677	0	0.707107	-0.70710707	0	-0.7071071	-0.7071071	0	0	0	0	-0.024208287	-0.010249965	-0.004905218	NaN	NaN	NaN	1.557971e-06	1e-07	276
0	0	-0.27197188	0	-0.70710677	0.7071068	0	0.70710707	-0.70710707	0	-0.7071071	-0.7071071	0	0	0	0	-0.016537838	-0.010849161	-0.0050986516	NaN	NaN	NaN	1.5657608e-06	1e-07	276
0	0	-0.27197188	0	-0.7071068	0.7071068	0	0.70710707	-0.70710707	0	-0.7071071	-0.7071071	0	0	0	0	-0.007524232	-0.012139453	-0.0052738287	NaN	NaN	NaN	1.5735508e-06	1e-07	276
0	0	-0.2719719	0	-0.7071068	0.7071068	0	0.70710707	-0.70710707	0	-0.7071071	-0.7071071	0	0	0	0	0.0028526094	-0.014290148	-0.005424695	NaN	NaN	NaN	1.5813406e-06	1e-07	276
0	0	-0.27197188	0	-0.70710677	0.7071068	0	0.70710707	-0.70710707	0	-0.7071071	-0.7071071	0	0	0	0	0.014539544	-0.017463263	-0.0055450364	NaN	NaN	NaN	1.5891304e-06	1e-07	276
0	0	-0.27197188	0	-0.7071068	0.70710677	0	0.70710707	-0.70710707	0	-0.7071071	-0.7071071	0	0	0	0	0.027381718	-0.021778144	-0.0056289197	NaN	NaN	NaN	1.5969202e-06	1e-07	276
0	0	-0.27197188	0	-0.70710677	0.70710677	0	0.70710707	-0.70710707	0	-0.7071071	-0.7071071	0	0	0	0	0.041103747	-0.027253086	-0.0056711854	NaN	NaN	NaN	1.6047102e-06	1e-07	276
0	0	-0.27197188	0	-0.7071068	0.70710677	0	0.70710707	-0.707107	0	-0.7071071	-0.7071071	0	0	0	0	0.055319946	-0.033728607	-0.0056679305	NaN	NaN	NaN	1.6125e-06	1e-07	276
0	0	-0.2719719	0	-0.70710677	0.7071068	0	0.70710707	-0.707107	0	-0.7071071	-0.7071071	0	0	0	0	0.06959001	-0.040811744	-0.0056168814	NaN	NaN	NaN	1.6202898e-06	1e-07	276
0	0	-0.27197188	0	-0.7071068	0.7071068	0	0.70710707	-0.70710707	0	-0.7071071	-0.7071071	0	0	0	0	0.08349147	-0.04789164	-0.005517592	NaN	NaN	NaN	1.6280798e-06	1e-07	276
0	0	-0.27197188	0	-0.7071068	0.7071068	0	0.70710707	-0.70710707	0	-0.7071071	-0.7071071	0	0	0	0	0.09666309	-0.054236736	-0.0053714667	NaN	NaN	NaN	1.6358696e-06	1e-07	276
0	0	-0.27197188	0	-0.70710677	0.70710677	0	0.70710707	-0.70710707	0	-0.7071071	-0.7071071	0	0	0	0	0.10878191	-0.059144955	-0.005181727	NaN	NaN	NaN	1.6436594e-06	1e-07	276
0	0	-0.27197188	0	-0.70710677	0.70710677	0	0.70710707	-0.70710707	0	-0.7071071	-0.7071071	0	0	0	0	0.119501725	-0.062114246	-0.0049533704	NaN	NaN	NaN	1.6514492e-06	1e-07	276
0	0	-0.2719719	0	-0.70710677	0.70710677	0	0.70710707	-0.70710707	0	-0.7071071	-0.7071071	0	0	0	0	0.12844773	-0.0629798	-0.004693061	NaN	NaN	NaN	1.6592392e-06	1e-07	276
0	0	-0.27197188	0	-0.70710677	0.70710677	0	0.70710707	-0.707107	0	-0.7071071	-0.7071071	0	0	0	0	0.13531634	-0.061960142	-0.0044088145	NaN	NaN	NaN	1.667029e-06	1e-07	276
0	0	-0.27197188	0	-0.7071068	0.70710677	0	0.70710707	-0.707107	0	-0.7071071	-0.7071071	0	0	0	0	0.1400136	-0.05955258	-0.0041093794	NaN	NaN	NaN	1.6748188e-06	1e-07	276
0	0	-0.2719719	0	-0.7071068	0.70710677	0	0.707107	-0.70710707	0	-0.7071071	-0.7071071	0	0	0	0	0.14269842	-0.056325823	-0.0038034027	NaN	NaN	NaN	1.6826087e-06	1e-07	276
0	0	-0.27197188	0	-0.7071068	0.70710677	0	0.70710707	-0.70710707	0	-0.7071071	-0.7071071	0	0	0	0	0.14370297	-0.05274991	-0.0034986245	NaN	NaN	NaN	1.6903986e-06	1e-07	276
0	0	-0.27197188	0	-0.70710677	0.70710677	0	0.70710707	-0.70710707	0	-0.7071071	-0.7071071	0	0	0	0	0.14341295	-0.04913806	-0.003201308	NaN	NaN	NaN	1.6981884e-06	1e-07	276
0	0	-0.27197188	0	-0.70710677	0.70710677	0	0.707107	-0.70710707	0	-0.7071071	-0.7071071	0	0	0	0	0.14218372	-0.04566767	-0.0029160394	NaN	NaN	NaN	1.7059782e-06	1e-07	276
0	0	-0.27197188	0	-0.7071068	0.7071068	0	0.70710707	-0.707107	0	-0.7071071	-0.7071071	0	0	0	0	0.14030805	-0.042425998	-0.0026457796	NaN	NaN	NaN	1.7137681e-06	1e-07	276
0	0	-0.27197188	0	-0.70710677	0.7071068	0	0.70710707	-0.70710707	0	-0.7071071	-0.7071071	0	0	0	0	0.13801365	-0.03944676	-0.002392141	NaN	NaN	NaN	1.721558e-06	1e-07	276
0	0	-0.2719719	0	-0.70710677	0.70710677	0	0.707107	-0.70710707	0	-0.7071071	-0.7071071	0	0	0	0	0.13547122	-0.03673572	-0.0021556595	NaN	NaN	NaN	1.7293478e-06	1e-07	276
0	0	-0.27197188	0	-0.70710677	0.7071068	0	0.707107	-0.70710707	0	-0.7071071	-0.7071071	0	0	0	0	0.13280734	-0.03428472	-0.0019361292	NaN	NaN	NaN	1.7371377e-06	1e-07	276
0	0	-0.27197188	0	-0.7071068	0.70710677	0	0.70710707	-0.707107	0	-0.7071071	-0.7071071	0	0	0	0	0.13011478	-0.03207923	-0.0017328238	NaN	NaN	NaN	1.7449275e-06	1e-07	276
0	0	-0.27197188	0	-0.7071068	0.7071068	0	0.70710707	-0.70710707	0	-0.7071071	-0.7071071	0	0	0	0	0.12746128	-0.030102376	-0.0015447073	NaN	NaN	NaN	1.7527174e-06	1e-07	276
0	0	-0.27197188	0	-0.70710677	0.70710677	0	0.70710707	-0.70710707	0	-0.7071071	-0.7071071	0	0	0	0	0.12489538	-0.028336871	-0.0013705579	NaN	NaN	NaN	1.7605073e-06	1e-07	276
0	0	-0.27197188	0	-0.70710677	0.70710677	0	0.70710707	-0.70710707	0	-0.7071071	-0.7071071	0	0	0	0	0.12245183	-0.026766067	-0.0012090874	NaN	NaN	NaN	1.7682971e-06	1e-07	276
0	0	-0.2719719	0	-0.70710677	0.70710677	0	0.70710707	-0.70710707	0	-0.7071071	-0.7071071	0	0	0	0	0.120154485	-0.025374297	-0.0010589857	NaN	NaN	NaN	1.776087e-06	1e-07	276
0	0	-0.27197188	0	-0.7071068	0.70710677	0	0.70710707	-0.70710707	0	-0.7071071	-0.7071071	0	0	0	0	0.11801961	-0.024147086	-0.00091897574	NaN	NaN	NaN	1.7838768e-06	1e-07	276
0	0	-0.27197188	0	-0.70710677	0.70710677	0	0.70710707	-0.70710707	0	-0.7071071	-0.7071071	0	0	0	0	0.11605746	-0.023071075	-0.00078783615	NaN	NaN	NaN	1.7916667e-06	1e-07	276
0	0	-0.2719719	0	-0.7071068	0.70710677	0	0.70710707	-0.70710707	0	-0.7071071	-0.7071071	0	0	0	0	0.114274025	-0.022133958	-0.00066440954	NaN	NaN	NaN	1.7994565e-06	1e-07	276
0	0	-0.27197188	0	-0.70710677	0.70710677	0	0.70710707	-0.707107	0	-0.7071071	-0.7071071	0	0	0	0	0.11267198	-0.021324396	-0.0005476082	NaN	NaN	NaN	1.8072463e-06	1e-07	276
0	0	-0.27197188	0	-0.70710677	0.70710677	0	0.70710707	-0.70710707	0	-0.7071071	-0.7071071	0	0	0	0	0.11125175	-0.02063187	-0.00043641648	NaN	NaN	NaN	1.8150363e-06	1e-07	276
0	0	-0.27197188	0	-0.7071068	0.7071068	0	0.70710707	-0.70710707	0	-0.7071071	-0.7071071	0	0	0	0	0.110011846	-0.02004656	-0.00032988266	NaN	NaN	NaN	1.8228261e-06	1e-07	276
0	0	-0.27197188	0	-0.7071068	0.70710677	0	0.70710707	-0.70710707	0	-0.7071071	-0.7071071	0	0	0	0	0.108949624	-0.019559246	-0.0002271186	NaN	NaN	NaN	1.8306159e-06	1e-07	276
0	0	-0.27197188	0	-0.70710677	0.70710677	0	0.707107	-0.70710707	0	-0.7071071	-0.7071071	0	0	0	0	0.10806124	-0.019161193	-0.00012728869	NaN	NaN	NaN	1.8384058e-06	1e-07	276
0	0	-0.27197188	0	-0.7071068	0.7071068	0	0.707107	-0.70710707	0	-0.7071071	-0.7071071	0	0	0	0	0.10734209	-0.018844033	-2.9600982e-05	NaN	NaN	NaN	1.8461957e-06	1e-07	276
0	0	-0.27197188	0	-0.7071068	0.7071068	0	0.70710707	-0.70710707	0	-0.7071071	-0.7071071	0	0	0	0	0.106786914	-0.0185997	6.669062e-05	NaN	NaN	NaN	1.8539855e-06	1e-07	276
0	0	-0.27197188	0	-0.7071068	0.70710677	0	0.70710707	-0.70710707	0	-0.7071071	-0.7071071	0	0	0	0	0.106389634	-0.018420288	0.00016230153	NaN	NaN	NaN	1.8617753e-06	1e-07	276
0	0	-0.27197188	0	-0.7071068	0.70710677	0	0.70710707	-0.707107	0	-0.7071071	-0.7071071	0	0	0	0	0.10614371	-0.018297955	0.00025791477	NaN	NaN	NaN	1.8695653e-06	1e-07	276
0	0	-0.2719719	0	-0.70710677	0.70710677	0	0.70710707	-0.70710707	0	-0.7071071	-0.7071071	0	0	0	0	0.10604193	-0.018224817	0.0003542022	NaN	NaN	NaN	1.8773551e-06	1e-07	276
0	0	-0.27197188	0	-0.70710677	0.7071068	0	0.70710707	-0.70710707	0	-0.7071071	-0.7071071	0	0	0	0	0.10607614	-0.018192833	0.00045181377	NaN	NaN	NaN	1.8851449e-06	1e-07	276
0	0	-0.27197188	0	-0.7071068	0.70710677	0	0.70710707	-0.707107	0	-0.7071071	-0.7071071	0	0	0	0	0.1062376	-0.01819372	0.0005513869	NaN	NaN	NaN	1.8929347e-06	1e-07	276
0	0	-0.27197188	0	-0.70710677	0.70710677	0	0.707107	-0.707107	0	-0.7071071	-0.7071071	0	0	0	0	0.10651629	-0.01821881	0.00065354985	NaN	NaN	NaN	1.9007247e-06	1e-07	276
0	0	-0.27197188	0	-0.7071068	0.70710677	0	0.70710707	-0.70710707	0	-0.7071071	-0.7071071	0	0	0	0	0.10690129	-0.018259	0.0007589326	NaN	NaN	NaN	1.9085146e-06	1e-07	276
0	0	-0.27197188	0	-0.70710677	0.70710677	0	0.707107	-0.70710707	0	-0.7071071	-0.7071071	0	0	0	0	0.10737997	-0.018304618	0.0008681548	NaN	NaN	NaN	1.9163044e-06	1e-07	276
0	0	-0.2719719	0	-0.7071068	0.70710677	0	0.70710707	-0.70710707	0	-0.7071071	-0.7071071	0	0	0	0	0.10793824	-0.018345421	0.0009818427	NaN	NaN	NaN	1.9240942e-06	1e-07	276
0	0	-0.27197188	0	-0.70710677	0.70710677	0	0.707107	-0.70710707	0	-0.7071071	-0.7071071	0	0	0	0	0.108559765	-0.018370548	0.0011006105	NaN	NaN	NaN	1.931884e-06	1e-07	276
0	0	-0.27197188	0	-0.7071068	0.70710677	0	0.707107	-0.707107	0	-0.7071071	-0.7071071	0	0	0	0	0.10922612	-0.018368566	0.0012250671	NaN	NaN	NaN	1.939674e-06	1e-07	276
0	0	-0.27197188	0	-0.70710677	0.7071068	0	0.70710707	-0.70710707	0	-0.7071071	-0.7071071	0	0	0	0	0.109915994	-0.018327523	0.0013558157	NaN	NaN	NaN	1.9474637e-06	1e-07	276
0	0	-0.27197188	0	-0.7071068	0.70710677	0	0.707107	-0.70710707	0	-0.7071071	-0.7071071	0	0	0	0	0.11060492	-0.018235171	0.0014934443	NaN	NaN	NaN	1.9552535e-06	1e-07	276
0	0	-0.27197188	0	-0.70710677	0.70710677	0	0.70710707	-0.70710707	0	-0.7071071	-0.7071071	0	0	0	0	0.1112647	-0.018079195	0.0016385136	NaN	NaN	NaN	1.9630436e-06	1e-07	276
0	0	-0.2719719	0	-0.7071068	0.70710677	0	0.70710707	-0.70710707	0	-0.7071071	-0.7071071	0	0	0	0	0.11186318	-0.017847622	0.0017915489	NaN	NaN	NaN	1.9708334e-06	1e-07	276
0	0	-0.27197188	0	-0.7071068	0.7071068	0	0.707107	-0.70710707	0	-0.7071071	-0.7071071	0	0	0	0	0.11236321	-0.017529344	0.0019530222	NaN	NaN	NaN	1.9786232e-06	1e-07	276
0	0	-0.2719719	0	-0.70710677	0.7071068	0	0.707107	-0.70710707	0	-0.7071071	-0.7071071	0	0	0	0	0.112722665	-0.017114798	0.0021233282	NaN	NaN	NaN	1.986413e-06	1e-07	276
0	0	-0.27197188	0	-0.70710677	0.70710677	0	0.70710707	-0.70710707	0	-0.7071071	-0.7071071	0	0	0	0	0.11289359	-0.016596846	0.0023027647	NaN	NaN	NaN	1.9942029e-06	1e-07	276
0	0	-0.2719719	0	-0.7071068	0.7071068	0	0.70710707	-0.70710707	0	-0.7071071	-0.7071071	0	0	0	0	0.112821735	-0.015971806	0.0024915014	NaN	NaN	NaN	2.0019927e-06	1e-07	276
0	0	-0.27197188	0	-0.7071068	0.70710677	0	0.707107	-0.707107	0	-0.7071071	-0.7071071	0	0	0	0	0.11244635	-0.01524071	0.0026895392	NaN	NaN	NaN	2.0097825e-06	1e-07	276
0	0	-0.27197188	0	-0.70710677	0.7071068	0	0.707107	-0.70710707	0	-0.7071071	-0.7071071	0	0	0	0	0.11169965	-0.014410701	0.0028966696	NaN	NaN	NaN	2.0175726e-06	1e-07	276
0	0	-0.2719719	0	-0.70710677	0.70710677	0	0.70710707	-0.70710707	0	-0.7071071	-0.7071071	0	0	0	0	0.110506825	-0.013496649	0.0031124298	NaN	NaN	NaN	2.0253624e-06	1e-07	276
0	0	-0.27197188	0	-0.70710677	0.7071068	0	0.70710707	-0.707107	0	-0.7071071	-0.7071071	0	0	0	0	0.10878593	-0.012522906	0.0033360308	NaN	NaN	NaN	2.0331522e-06	1e-07	276
0	0	-0.27197188	0	-0.70710677	0.7071068	0	0.70710707	-0.70710707	0	-0.7071071	-0.7071071	0	0	0	0	0.10644813	-0.011525154	0.0035663077	NaN	NaN	NaN	2.040942e-06	1e-07	276
0	0	-0.27197188	0	-0.70710677	0.7071068	0	0.70710707	-0.70710707	0	-0.7071071	-0.7071071	0	0	0	0	0.103398345	-0.010552476	0.003801635	NaN	NaN	NaN	2.0487319e-06	1e-07	276
0	0	-0.2719719	0	-0.7071068	0.70710677	0	0.707107	-0.70710707	0	-0.7071071	-0.7071071	0	0	0	0	0.0995359	-0.009669449	0.004039873	NaN	NaN	NaN	2.0565217e-06	1e-07	276
0	0	-0.27197188	0	-0.70710677	0.70710677	0	0.707107	-0.70710707	0	-0.7071071	-0.7071071	0	0	0	0	0.09475651	-0.008958442	0.004278261	NaN	NaN	NaN	2.0643115e-06	1e-07	276
0	0	-0.2719719	0	-0.70710677	0.70710677	0	0.70710707	-0.70710707	0	-0.7071071	-0.7071071	0	0	0	0	0.08895469	-0.008521813	0.0045133918	NaN	NaN	NaN	2.0721016e-06	1e-07	276
0	0	-0.2719719	0	-0.70710677	0.7071068	0	0.70710707	-0.707107	0	-0.7071071	-0.7071071	0	0	0	0	0.0820286	-0.0084840255	0.004741142	NaN	NaN	NaN	2.0798914e-06	1e-07	276
0	0	-0.27197188	0	-0.70710677	0.70710677	0	0.707107	-0.70710707	0	-0.7071071	-0.7071071	0	0	0	0	0.07388761	-0.008992562	0.0049566985	NaN	NaN	NaN	2.0876812e-06	1e-07	276
0	0	-0.27197188	0	-0.70710677	0.70710677	0	0.707107	-0.70710707	0	-0.7071071	-0.7071071	0	0	0	0	0.06446509	-0.0102163805	0.0051546036	NaN	NaN	NaN	2.095471e-06	1e-07	276
0	0	-0.2719719	0	-0.7071068	0.70710677	0	0.70710707	-0.70710707	0	-0.7071071	-0.7071071	0	0	0	0	0.053736486	-0.012339039	0.0053289523	NaN	NaN	NaN	2.1032608e-06	1e-07	276
0	0	-0.27197188	0	-0.70710677	0.7071068	0	0.70710707	-0.70710707	0	-0.7071071	-0.7071071	0	0	0	0	0.041746873	-0.015537074	0.005473654	NaN	NaN	NaN	2.1110507e-06	1e-07	276
0	0	-0.27197188	0	-0.7071068	0.7071068	0	0.70710707	-0.70710707	0	-0.7071071	-0.7071071	0	0	0	0	0.028638128	-0.019942768	0.0055828406	NaN	NaN	NaN	2.1188405e-06	1e-07	276
0	0	-0.27197188	0	-0.70710677	0.7071068	0	0.707107	-0.70710707	0	-0.7071071	-0.7071071	0	0	0	0	0.014667217	-0.02558342	0.0056513348	NaN	NaN	NaN	2.1266305e-06	1e-07	276
0	0	-0.27197188	0	-0.70710677	0.70710677	0	0.70710707	-0.707107	0	-0.7071071	-0.7071071	0	0	0	0	0.00019640177	-0.03230184	0.005675103	NaN	NaN	NaN	2.1344204e-06	1e-07	276
0	0	-0.27197188	0	-0.70710677	0.70710677	0	0.707107	-0.707107	0	-0.7071071	-0.7071071	0	0	0	0	-0.01436092	-0.03969813	0.0056516198	NaN	NaN	NaN	2.1422102e-06	1e-07	276
0	0	-0.27197188	0	-0.70710677	0.7071068	0	0.707107	-0.70710707	0	-0.7071071	-0.7071071	0	0	0	0	-0.01436092	-0.03969813	0.0056516193	-4.1909515e-10	-0.090874024	-3.085006e-09	2.1422102e-06	5e-08	276
0	0	-0.27197188	0	-0.7071068	0.70710677	0	0.70710707	-0.70710707	0	-0.7071071	-0.7071071	0	0	0	0	-0.01436092	-0.03969813	0.00565162	-1.6065315e-09	-0.088159434	-2.9685907e-09	2.1422102e-06	5.7275134e-08	276
0	0	-0.27197188	0	-0.70710677	0.70710677	0	0.707107	-0.70710707	0	-0.7071071	-0.7071071	0	0	0	0	-0.01436092	-0.03969813	0.0056516193	-1.8781672e-09	-0.085605346	-3.069484e-09	2.1422102e-06	6.4550264e-08	276
0	0	-0.27197188	0	-0.7071068	0.7071068	0	0.70710707	-0.70710707	0	-0.7071071	-0.7071071	0	0	0	0	-0.01436092	-0.03969813	0.0056516198	-1.2048986e-09	-0.08319845	-2.8696376e-09	2.1422102e-06	7.18254e-08	276
0	0	-0.27197188	0	-0.70710677	0.70710677	0	0.70710707	-0.70710707	0	-0.7071071	-0.7071071	0	0	0	0	-0.01436092	-0.03969813	0.0056516198	-9.924406e-10	-0.07843983	-2.2890163e-09	2.1422102e-06	7.910053e-08	276
0	0	-0.2719719	0	-0.70710677	0.7071068	0	0.707107	-0.70710707	0	-0.7071071	-0.7071071	0	0	0	0	-0.01436092	-0.03969813	0.00565162	-3.4633557e-10	-0.07408929	-2.1624147e-09	2.1422102e-06	8.6375664e-08	276
0	0	-0.2719719	0	-0.70710677	0.7071068	0	0.70710707	-0.70710707	0	-0.7071071	-0.7071071	0	0	0	0	-0.01436092	-0.03969813	0.0056516198	2.8230715e-10	-0.07010267	-2.4854672e-09	2.1422102e-06	9.365079e-08	276
0	0	-0.2719719	0	-0.70710677	0.70710677	0	0.70710707	-0.70710707	0	-0.7071071	-0.7071071	0	0	0	0	-0.01436092	-0.03969813	0.0056516198	-6.111804e-11	-0.06644125	-3.4837284e-09	2.1422102e-06	1.00925924e-07	276
0	0	-0.27197188	0	-0.70710677	0.7071068	0	0.707107	-0.707107	0	-0.7071071	-0.7071071	0	0	0	0	-0.0143609205	-0.03969813	0.0056516198	6.1118044e-10	-0.06307107	-4.8050426e-09	2.1422102e-06	1.0820106e-07	276
0	0	-0.27197188	0	-0.7071068	0.70710677	0	0.70710707	-0.70710707	0	-0.7071071	-0.7071071	0	0	0	0	-0.01436092	-0.03969813	0.00565162	1.4842954e-09	-0.059961844	-4.854519e-09	2.1422102e-06	1.1547619e-07	276
0	0	-0.27197188	0	-0.7071068	0.7071068	0	0.707107	-0.707107	0	-0.7071071	-0.7071071	0	0	0	0	-0.01436092	-0.03969813	0.0056516198	1.8742867e-09	-0.057086956	-4.7235518e-09	2.1422102e-06	1.2275132e-07	276
0	0	-0.27197188	0	-0.70710677	0.7071068	0	0.707107	-0.70710707	0	-0.7071071	-0.7071071	0	0	0	0	-0.01436092	-0.03969813	0.0056516193	2.3181201e-09	-0.054422777	-3.8853614e-09	2.1422102e-06	1.3002645e-07	276
0	0	-0.27197188	0	-0.70710677	0.70710677	0	0.70710707	-0.70710707	0	-0.7071071	-0.7071071	0	0	0	0	-0.01436092	-0.03969813	0.0056516198	2.9016518e-09	-0.05194825	-2.0198059e-09	2.1422102e-06	1.3730158e-07	276
0	0	-0.27197188	0	-0.7071068	0.7071068	0	0.707107	-0.70710707	0	-0.7071071	-0.7071071	0	0	0	0	-0.01436092	-0.03969813	0.0056516198	2.7328497e-09	-0.04964469	-1.3227691e-09	2.1422102e-06	1.4457672e-07	276
0	0	-0.27197188	0	-0.70710677	0.7071068	0	0.70710707	-0.70710707	0	-0.7071071	-0.7071071	0	0	0	0	-0.01436092	-0.03969813	0.0056516193	2.757588e-09	-0.047495283	-5.3842086e-10	2.1422102e-06	1.5185185e-07	276
0	0	-0.27197188	0	-0.70710677	0.70710677	0	0.707107	-0.70710707	0	-0.7071071	-0.7071071	0	0	0	0	-0.01436092	-0.03969813	0.0056516193	1.8320861e-09	-0.04548499	3.0486264e-10	2.1422102e-06	1.5912698e-07	276
0	0	-0.2719719	0	-0.70710677	0.70710677	0	0.70710707	-0.70710707	0	-0.7071071	-0.7071071	0	0	0	0	-0.01436092	-0.03969813	0.0056516198	5.842594e-10	-0.043600343	-3.1504896e-10	2.1422102e-06	1.6640212e-07	276
0	0	-0.27197188	0	-0.70710677	0.7071068	0	0.70710707	-0.70710707	0	-0.7071071	-0.7071071	0	0	0	0	-0.01436092	-0.03969813	0.0056516198	1.527951e-11	-0.041829217	-6.868504e-10	2.1422102e-06	1.7367725e-07	276
0	0	-0.2719719	0	-0.7071068	0.70710677	0	0.707107	-0.70710707	0	-0.7071071	-0.7071071	0	0	0	0	-0.0143609205	-0.03969813	0.0056516193	-3.259629e-10	-0.040160652	-1.6225385e-10	2.1422102e-06	1.8095238e-07	276
0	0	-0.2719719	0	-0.70710677	0.70710677	0	0.70710707	-0.70710707	0	-0.7071071	-0.7071071	0	0	0	0	-0.0143609205	-0.03969813	0.0056516198	6.5629135e-10	-0.03858478	5.4787963e-10	2.1422102e-06	1.8822752e-07	276
0	0	-0.27197188	0	-0.7071068	0.7071068	0	0.70710707	-0.70710707	0	-0.7071071	-0.7071071	0	0	0	0	-0.01436092	-0.03969813	0.0056516198	1.1379597e-09	-0.037092637	1.5090336e-09	2.1422102e-06	1.9550265e-07	276
0	0	-0.2719719	0	-0.70710677	0.7071068	0	0.70710707	-0.70710707	0	-0.7071071	-0.7071071	0	0	0	0	-0.01436092	-0.03969813	0.0056516198	1.9696018e-09	-0.0356761	2.5487679e-09	2.1422102e-06	2.0277778e-07	276
0	0	-0.27197188	0	-0.70710677	0.70710677	0	0.70710707	-0.70710707	0	-0.7071071	-0.7071071	0	0	0	0	-0.01436092	-0.03969813	0.0056516198	2.8805516e-09	-0.034327805	3.0820957e-09	2.1422102e-06	2.100529e-07	276
0	0	-0.27197188	0	-0.70710677	0.70710677	0	0.70710707	-0.70710707	0	-0.7071071	-0.7071071	0	0	0	0	-0.01436092	-0.03969813	0.0056516193	4.2760804e-09	-0.033040993	2.644083e-09	2.1422102e-06	2.1732804e-07	276
0	0	-0.2719719	0	-0.7071068	0.70710677	0	0.707107	-0.70710707	0	-0.7071071	-0.7071071	0	0	0	0	-0.01436092	-0.03969813	0.0056516193	4.6806234e-09	-0.03180953	2.8740033e-09	2.1422102e-06	2.2460317e-07	276
0	0	-0.27197188	0	-0.7071068	0.70710677	0	0.70710707	-0.70710707	0	-0.7071071	-0.7071071	0	0	0	0	-0.01436092	-0.03969813	0.0056516193	4.948015e-09	-0.030627796	2.8863725e-09	2.1422102e-06	2.318783e-07	276
0	0	-0.27197188	0	-0.70710677	0.70710677	0	0.70710707	-0.70710707	0	-0.7071071	-0.7071071	0	0	0	0	-0.01436092	-0.03969813	0.0056516193	5.3845723e-09	-0.029490631	2.8514477e-09	2.1422102e-06	2.3915345e-07	276
0	0	-0.27197188	0	-0.70710677	0.7071068	0	0.70710707	-0.70710707	0	-0.7071071	-0.7071071	0	0	0	0	-0.0143609205	-0.03969813	0.0056516198	5.208494e-09	-0.02839329	3.202149e-09	2.1422102e-06	2.4642858e-07	276
0	0	-0.27197188	0	-0.7071068	0.7071068	0	0.70710707	-0.70710707	0	-0.7071071	-0.7071071	0	0	0	0	-0.0143609205	-0.03969813	0.0056516193	5.405673e-09	-0.027331447	3.5273842e-09	2.1422102e-06	2.5370372e-07	276
0	0	-0.27197188	0	-0.7071068	0.70710677	0	0.70710707	-0.70710707	0	-0.7071071	-0.7071071	0	0	0	0	-0.01436092	-0.03969813	0.0056516198	5.302718e-09	-0.026301071	4.225876e-09	2.1422102e-06	2.6097882e-07	276
0	0	-0.2719719	0	-0.7071068	0.7071068	0	0.70710707	-0.70710707	0	-0.7071071	-0.7071071	0	0	0	0	-0.01436092	-0.03969813	0.0056516193	4.652975e-09	-0.025298363	4.8210493e-09	2.1422102e-06	2.6825396e-07	276
0	0	-0.27197188	0	-0.7071068	0.7071068	0	0.70710707	-0.70710707	0	-0.7071071	-0.7071071	0	0	0	0	-0.01436092	-0.03969813	0.0056516198	4.2869943e-09	-0.024319962	5.2757967e-09	2.1422102e-06	2.755291e-07	276
0	0	-0.2719719	0	-0.7071068	0.70710677	0	0.70710707	-0.707107	0	-0.7071071	-0.7071071	0	0	0	0	-0.0143609205	-0.03969813	0.0056516193	3.709647e-09	-0.023362622	4.802132e-09	2.1422102e-06	2.8280422e-07	276
0	0	-0.2719719	0	-0.7071068	0.7071068	0	0.7071071	-0.70710707	0	-0.7071071	-0.7071071	0	0	0	0	-0.0143609205	-0.03969813	0.0056516193	3.5186531e-09	-0.022423308	3.7172867e-09	2.1422102e-06	2.9007936e-07	276
0	0	-0.2719719	0	-0.70710677	0.70710677	0	0.70710707	-0.70710707	0	-0.7071071	-0.7071071	0	0	0	0	-0.0143609205	-0.03969813	0.0056516198	3.8508006e-09	-0.021499312	2.8459908e-09	2.1422102e-06	2.973545e-07	276
0	0	-0.27197188	0	-0.70710677	0.7071068	0	0.707107	-0.70710707	0	-0.7071071	-0.7071071	0	0	0	0	-0.01436092	-0.03969813	0.0056516198	3.6437995e-09	-0.020587927	2.5916962e-09	2.1422102e-06	3.0462962e-07	276
0	0	-0.2719719	0	-0.70710677	0.7071068	0	0.70710707	-0.707107	0	-0.7071071	-0.7071071	0	0	0	0	-0.01436092	-0.03969813	0.0056516193	4.0559827e-09	-0.0196866	2.9009244e-09	2.1422102e-06	3.1190476e-07	276
0	0	-0.27197188	0	-0.70710677	0.7071068	0	0.70710707	-0.70710707	0	-0.7071071	-0.7071071	0	0	0	0	-0.01436092	-0.03969813	0.0056516193	3.8038706e-09	-0.018793091	3.2414391e-09	2.1422102e-06	3.191799e-07	276
0	0	-0.2719719	0	-0.70710677	0.70710677	0	0.70710707	-0.70710707	0	-0.7071071	-0.7071071	0	0	0	0	-0.01436092	-0.03969813	0.0056516198	3.5575796e-09	-0.017905103	3.209061e-09	2.1422102e-06	3.2645502e-07	276
0	0	-0.27197188	0	-0.70710677	0.70710677	0	0.70710707	-0.707107	0	-0.7071071	-0.7071071	0	0	0	0	-0.0143609205	-0.03969813	0.0056516193	3.191235e-09	-0.0170205	2.7168425e-09	2.1422102e-06	3.3373016e-07	276
0	0	-0.2719719	0	-0.7071068	0.7071068	0	0.7071071	-0.70710707	0	-0.7071071	-0.7071071	0	0	0	0	-0.0143609205	-0.03969813	0.0056516198	3.058085e-09	-0.016137302	1.8200808e-09	2.1422102e-06	3.410053e-07	276
0	0	-0.27197188	0	-0.70710677	0.7071068	0	0.70710707	-0.70710707	0	-0.7071071	-0.7071071	0	0	0	0	-0.01436092	-0.03969813	0.0056516198	3.623427e-09	-0.015253408	1.1696102e-09	2.1422102e-06	3.4828042e-07	276
0	0	-0.2719719	0	-0.70710677	0.70710677	0	0.70710707	-0.707107	0	-0.7071071	-0.7071071	0	0	0	0	-0.01436092	-0.03969813	0.0056516193	3.9421137e-09	-0.0143669695	6.6247596e-10	2.1422102e-06	3.5555556e-07	276
0	0	-0.27197188	0	-0.7071068	0.70710677	0	0.707107	-0.70710707	0	-0.7071071	-0.7071071	0	0	0	0	-0.01436092	-0.03969813	0.0056516198	4.433241e-09	-0.013476121	4.3255569e-10	2.1422102e-06	3.628307e-07	276
0	0	-0.27197188	0	-0.7071068	0.70710677	0	0.70710707	-0.70710707	0	-0.7071071	-0.7071071	0	0	0	0	-0.0143609205	-0.03969813	0.0056516198	4.3437467e-09	-0.012579054	7.701601e-10	2.1422102e-06	3.7010582e-07	276
0	0	-0.27197188	0	-0.70710677	0.7071068	0	0.70710707	-0.70710707	0	-0.7071071	-0.7071071	0	0	0	0	-0.0143609205	-0.03969813	0.0056516198	4.4841726e-09	-0.011674009	1.1285011e-09	2.1422102e-06	3.7738096e-07	276
0	0	-0.27197188	0	-0.70710677	0.7071068	0	0.70710707	-0.70710707	0	-0.7071071	-0.7071071	0	0	0	0	-0.01436092	-0.03969813	0.0056516193	3.860623e-09	-0.010759184	1.6563717e-09	2.1422102e-06	3.846561e-07	276
0	0	-0.2719719	0	-0.70710677	0.70710677	0	0.70710707	-0.70710707	0	-0.7071071	-0.7071071	0	0	0	0	-0.01436092	-0.03969813	0.0056516193	3.312016e-09	-0.009832827	1.6465492e-09	2.1422102e-06	3.9193122e-07	276
0	0	-0.27197188	0	-0.7071068	0.7071068	0	0.70710707	-0.707107	0	-0.7071071	-0.7071071	0	0	0	0	-0.0143609205	-0.03969813	0.0056516198	2.8681826e-09	-0.008893163	7.385097e-10	2.1422102e-06	3.9920636e-07	276
0	0	-0.27197188	0	-0.70710677	0.70710677	0	0.707107	-0.70710707	0	-0.7071071	-0.7071071	0	0	0	0	-0.01436092	-0.03969813	0.0056516198	1.348235e-09	-0.0079384595	-3.5288394e-11	2.1422102e-06	4.064815e-07	276
0	0	-0.27197188	0	-0.70710677	0.70710677	0	0.707107	-0.70710707	0	-0.7071071	-0.7071071	0	0	0	0	-0.0143609205	-0.03969813	0.0056516198	5.8062144e-10	-0.0069669434	-5.2386895e-10	2.1422102e-06	4.1375662e-07	276
0	0	-0.2719719	0	-0.70710677	0.70710677	0	0.70710707	-0.70710707	0	-0.7071071	-0.7071071	0	0	0	0	-0.01436092	-0.03969813	0.0056516193	-2.0008883e-10	-0.005976831	-4.1654857e-10	2.1422102e-06	4.2103176e-07	276
0	0	-0.2719719	0	-0.70710677	0.70710677	0	0.70710707	-0.70710707	0	-0.7071071	-0.7071071	0	0	0	0	-0.01436092	-0.03969813	0.0056516198	-8.105417e-10	-0.0049663447	2.2591848e-10	2.1422102e-06	4.283069e-07	276
0	0	-0.2719719	0	-0.70710677	0.70710677	0	0.70710707	-0.70710707	0	-0.7071071	-0.7071071	0	0	0	0	-0.0143609205	-0.03969813	0.0056516198	-3.5506673e-10	-0.0039336737	8.538336e-10	2.1422102e-06	4.3558202e-07	276
0	0	-0.27197188	0	-0.70710677	0.70710677	0	0.70710707	-0.70710707	0	-0.7071071	-0.7071071	0	0	0	0	-0.01436092	-0.03969813	0.0056516193	2.910383e-11	-0.0028769937	9.826181e-10	2.1422102e-06	4.4285713e-07	276
0	0	-0.27197188	0	-0.7071068	0.70710677	0	0.70710707	-0.707107	0	-0.7071071	-0.7071071	0	0	0	0	-0.0143609205	-0.03969813	0.0056516193	4.5911291e-10	-0.0017944217	9.680662e-10	2.1422102e-06	4.5013226e-07	276
0	0	-0.27197188	0	-0.70710677	0.70710677	0	0.70710707	-0.70710707	0	-0.7071071	-0.7071071	0	0	0	0	-0.0143609205	-0.03969813	0.0056516198	8.061761e-10	-0.00068407075	1.1285011e-09	2.1422102e-06	4.574074e-07	276
0	0	-0.27197188	0	-0.70710677	0.7071068	0	0.707107	-0.70710707	0	-0.7071071	-0.7071071	0	0	0	0	-0.01436092	-0.03969813	0.0056516198	8.9858077e-10	0.00045595015	1.0521035e-09	2.1422102e-06	4.6468253e-07	276
0	0	-0.27197188	0	-0.7071068	0.70710677	0	0.70710707	-0.70710707	0	-0.7071071	-0.7071071	0	0	0	0	-0.01436092	-0.03969813	0.0056516198	7.195922e-10	0.0016275598	9.073119e-10	2.1422102e-06	4.7195766e-07	276
0	0	-0.27197188	0	-0.70710677	0.7071068	0	0.707107	-0.707107	0	-0.7071071	-0.7071071	0	0	0	0	-0.0143609205	-0.03969813	0.0056516198	3.5070116e-10	0.0028326712	5.333277e-10	2.1422102e-06	4.792328e-07	276
0	0	-0.27197188	0	-0.70710677	0.70710677	0	0.707107	-0.70710707	0	-0.7071071	-0.7071071	0	0	0	0	-0.01436092	-0.03969813	0.0056516193	-4.44561e-10	0.0040731714	6.0972527e-10	2.1422102e-06	4.8650793e-07	276
0	0	-0.27197188	0	-0.7071068	0.70710677	0	0.70710707	-0.70710707	0	-0.7071071	-0.7071071	0	0	0	0	-0.01436092	-0.03969813	0.0056516198	-9.771611e-10	0.00535098	1.1270458e-09	2.1422102e-06	4.937831e-07	276
0	0	-0.2719719	0	-0.7071068	0.70710677	0	0.707107	-0.70710707	0	-0.7071071	-0.7071071	0	0	0	0	-0.01436092	-0.03969813	0.0056516198	-1.5454134e-09	0.006667958	1.8946593e-09	2.1422102e-06	5.010582e-07	276
0	0	-0.2719719	0	-0.70710677	0.70710677	0	0.70710707	-0.70710707	0	-0.7071071	-0.7071071	0	0	0	0	-0.0143609205	-0.03969813	0.0056516198	-1.5257683e-09	0.008025834	2.857996e-09	2.1422102e-06	5.0833336e-07	276
0	0	-0.2719719	0	-0.70710677	0.70710677	0	0.70710707	-0.7071071	0	-0.7071071	-0.7071071	0	0	0	0	-0.01436092	-0.03969813	0.0056516198	-1.3416865e-09	0.009426321	3.0340743e-09	2.1422102e-06	5.1560846e-07	276
0	0	-0.27197188	0	-0.70710677	0.7071068	0	0.70710707	-0.70710707	0	-0.7071071	-0.7071071	0	0	0	0	-0.01436092	-0.03969813	0.0056516198	-1.337321e-09	0.010870944	2.841989e-09	2.1422102e-06	5.228836e-07	276
0	0	-0.27197188	0	-0.7071068	0.70710677	0	0.70710707	-0.70710707	0	-0.7071071	-0.7071071	0	0	0	0	-0.01436092	-0.03969813	0.0056516198	-9.6843e-10	0.012360996	2.5516784e-09	2.1422102e-06	5.3015873e-07	276
0	0	-0.27197188	0	-0.70710677	0.70710677	0	0.707107	-0.70710707	0	-0.7071071	-0.7071071	0	0	0	0	-0.0143609205	-0.03969813	0.0056516198	-6.490154e-10	0.0138975885	2.496381e-09	2.1422102e-06	5.3743383e-07	276
0	0	-0.2719719	0	-0.7071068	0.7071068	0	0.70710707	-0.70710707	0	-0.7071071	-0.7071071	0	0	0	0	-0.0143609205	-0.03969813	0.0056516193	2.371962e-10	0.015481532	2.69647e-09	2.1422102e-06	5.44709e-07	276
0	0	-0.27197188	0	-0.70710677	0.70710677	0	0.70710707	-0.70710707	0	-0.7071071	-0.7071071	0	0	0	0	-0.01436092	-0.03969813	0.0056516198	9.422365e-10	0.01711307	2.5771443e-09	2.1422102e-06	5.519841e-07	276
0	0	-0.27197188	0	-0.70710677	0.7071068	0	0.70710707	-0.707107	0	-0.7071071	-0.7071071	0	0	0	0	-0.0143609205	-0.03969813	0.0056516193	1.7062121e-09	0.01879203	2.458546e-09	2.1422102e-06	5.5925926e-07	276
0	0	-0.27197188	0	-0.7071068	0.70710677	0	0.707107	-0.707107	0	-0.7071071	-0.7071071	0	0	0	0	-0.0143609205	-0.03969813	0.0056516198	2.2657332e-09	0.020517576	1.956505e-09	2.1422102e-06	5.6653437e-07	276
0	0	-0.27197188	0	-0.70710677	0.7071068	0	0.707107	-0.70710707	0	-0.7071071	-0.7071071	0	0	0	0	-0.0143609205	-0.03969813	0.00565162	2.9138392e-09	0.022287969	1.2209057e-09	2.1422102e-06	5.7380953e-07	276
0	0	-0.27197188	0	-0.70710677	0.7071068	0	0.707107	-0.70710707	0	-0.7071071	-0.7071071	0	0	0	0	-0.0143609205	-0.03969813	0.0056516193	3.1950549e-09	0.02410066	5.311449e-10	2.1422102e-06	5.8108463e-07	276
0	0	-0.27197188	0	-0.7071068	0.7071068	0	0.707107	-0.70710707	0	-0.7071071	-0.7071071	0	0	0	0	-0.01436092	-0.03969813	0.0056516198	3.3627656e-09	0.025951803	-2.910383e-10	2.1422102e-06	5.883598e-07	276
0	0	-0.2719719	0	-0.7071068	0.70710677	0	0.707107	-0.707107	0	-0.7071071	-0.7071071	0	0	0	0	-0.0143609205	-0.03969813	0.0056516193	3.3278411e-09	0.027836103	-9.895302e-10	2.1422102e-06	5.956349e-07	276
0	0	-0.27197188	0	-0.70710677	0.70710677	0	0.70710707	-0.70710707	0	-0.7071071	-0.7071071	0	0	0	0	-0.0143609205	-0.03969813	0.0056516198	2.8216163e-09	0.029746622	-1.3533281e-09	2.1422102e-06	6.0291006e-07	276
0	0	-0.2719719	0	-0.70710677	0.7071068	0	0.70710707	-0.707107	0	-0.7071071	-0.7071071	0	0	0	0	-0.01436092	-0.03969813	0.0056516198	2.2631865e-09	0.0316744	-1.3242243e-09	2.1422102e-06	6.1018517e-07	276
0	0	-0.27197188	0	-0.70710677	0.70710677	0	0.707107	-0.70710707	0	-0.7071071	-0.7071071	0	0	0	0	-0.01436092	-0.03969813	0.0056516198	1.648732e-09	0.033608172	-1.5876139e-09	2.1422102e-06	6.1746033e-07	276
0	0	-0.2719719	0	-0.70710677	0.7071068	0	0.70710707	-0.70710707	0	-0.7071071	-0.7071071	0	0	0	0	-0.01436092	-0.03969813	0.0056516193	9.909854e-10	0.035533946	-2.4374458e-09	2.1422102e-06	6.2473543e-07	276
0	0	-0.27197188	0	-0.7071068	0.70710677	0	0.70710707	-0.70710707	0	-0.7071071	-0.7071071	0	0	0	0	-0.01436092	-0.03969813	0.0056516193	4.2055034e-10	0.037434626	-3.684545e-09	2.1422102e-06	6.320106e-07	276
0	0	-0.27197188	0	-0.7071068	0.70710677	0	0.70710707	-0.70710707	0	-0.7071071	-0.7071071	0	0	0	0	-0.0143609205	-0.03969813	0.0056516198	1.0477379e-10	0.039289504	-4.697358e-09	2.1422102e-06	6.392857e-07	276
0	0	-0.27197188	0	-0.70710677	0.70710677	0	0.70710707	-0.70710707	0	-0.7071071	-0.7071071	0	0	0	0	-0.01436092	-0.03969813	0.0056516198	-1.07684174e-10	0.041073896	-5.203765e-09	2.1422102e-06	6.4656086e-07	276
0	0	-0.2719719	0	-0.7071068	0.70710677	0	0.70710707	-0.70710707	0	-0.7071071	-0.7071071	0	0	0	0	-0.01436092	-0.03969813	0.0056516193	-6.111804e-11	0.042758662	-5.203765e-09	2.1422102e-06	6.5383597e-07	276
0	0	-0.27197188	0	-0.70710677	0.70710677	0	0.70710707	-0.70710707	0	-0.7071071	-0.7071071	0	0	0	0	-0.01436092	-0.03969813	0.0056516198	9.313226e-11	0.044309754	-5.0204108e-09	2.1422102e-06	6.6111113e-07	276
0	0	-0.27197188	0	-0.70710677	0.70710677	0	0.70710707	-0.707107	0	-0.7071071	-0.7071071	0	0	0	0	-0.0143609205	-0.03969813	0.0056516198	1.2805686e-10	0.045687787	-5.151378e-09	2.1422102e-06	6.6838624e-07	276
0	0	-0.27197188	0	-0.7071068	0.70710677	0	0.70710707	-0.70710707	0	-0.7071071	-0.7071071	0	0	0	0	-0.01436092	-0.03969813	0.0056516193	6.9849193e-10	0.046847735	-5.0640665e-09	2.1422102e-06	6.756614e-07	276
0	0	-0.27197188	0	-0.7071068	0.7071068	0	0.70710707	-0.70710707	0	-0.7071071	-0.7071071	0	0	0	0	-0.0143609205	-0.03969813	0.0056516198	5.820766e-10	0.047738682	-4.5169144e-09	2.1422102e-06	6.829365e-07	276
0	0	-0.2719719	0	-0.7071068	0.7071068	0	0.707107	-0.70710707	0	-0.7071071	-0.7071071	0	0	0	0	-0.0143609205	-0.03969813	0.0056516193	2.3283065e-11	0.04830369	-3.79805e-09	2.1422102e-06	6.9021166e-07	276
0	0	-0.2719719	0	-0.70710677	0.70710677	0	0.70710707	-0.70710707	0	-0.7071071	-0.7071071	0	0	0	0	-0.01436092	-0.03969813	0.0056516193	-2.6775523e-10	0.04847982	-2.73576e-09	2.1422102e-06	6.9748677e-07	276
0	0	-0.27197188	0	-0.70710677	0.70710677	0	0.70710707	-0.70710707	0	-0.7071071	-0.7071071	0	0	0	0	-0.01436092	-0.03969813	0.0056516193	-1.0128133e-09	0.048198394	-1.9266735e-09	2.1422102e-06	7.0476193e-07	276
0	0	-0.27197188	0	-0.7071068	0.7071068	0	0.70710707	-0.70710707	0	-0.7071071	-0.7071071	0	0	0	0	-0.01436092	-0.03969813	0.0056516198	-3.608875e-10	0.04738545	-1.740409e-09	2.1422102e-06	7.1203704e-07	276
0	0	-0.2719719	0	-0.70710677	0.70710677	0	0.70710707	-0.70710707	0	-0.7071071	-0.7071071	0	0	0	0	-0.01436092	-0.03969813	0.0056516193	1.1175871e-09	0.045962412	-1.6065315e-09	2.1422102e-06	7.193122e-07	276
0	0	-0.27197188	0	-0.7071068	0.70710677	0	0.707107	-0.70710707	0	-0.7071071	-0.7071071	0	0	0	0	-0.0143609205	-0.03969813	0.0056516198	1.2572855e-09	0.043847196	-1.5308614e-09	2.1422102e-06	7.265873e-07	276
0	0	-0.27197188	0	-0.70710677	0.7071068	0	0.70710707	-0.70710707	0	-0.7071071	-0.7071071	0	0	0	0	-0.01436092	-0.03969813	0.0056516198	2.0721926e-09	0.040955603	-1.5948899e-09	2.1422102e-06	7.338624e-07	276
0	0	-0.2719719	0	-0.70710677	0.70710677	0	0.707107	-0.70710707	0	-0.7071071	-0.7071071	0	0	0	0	-0.0143609205	-0.03969813	0.0056516193	1.6530975e-09	0.037202973	-1.3154932e-09	2.1422102e-06	7.4113757e-07	276
0	0	-0.27197188	0	-0.70710677	0.7071068	0	0.70710707	-0.70710707	0	-0.7071071	-0.7071071	0	0	0	0	-0.0143609205	-0.03969813	0.0056516198	5.820766e-10	0.03250704	-1.36788e-09	2.1422102e-06	7.484127e-07	276
0	0	-0.2719719	0	-0.7071068	0.70710677	0	0.70710707	-0.70710707	0	-0.7071071	-0.7071071	0	0	0	0	-0.01436092	-0.03969813	0.0056516198	-9.313226e-11	0.026791167	-1.8684658e-09	2.1422102e-06	7.5568784e-07	276
0	0	-0.27197188	0	-0.70710677	0.70710677	0	0.707107	-0.70710707	0	-0.7071071	-0.7071071	0	0	0	0	-0.01436092	-0.03969813	0.0056516193	-1.5832484e-09	0.0199896	-1.7054844e-09	2.1422102e-06	7.6296294e-07	276
0	0	-0.2719719	0	-0.70710677	0.7071068	0	0.70710707	-0.70710707	0	-0.7071071	-0.7071071	0	0	0	0	-0.0143609205	-0.03969813	0.0056516198	-2.514571e-09	0.012055241	-1.8510036e-09	2.1422102e-06	7.702381e-07	276
0	0	-0.27197188	0	-0.70710677	0.70710677	0	0.707107	-0.707107	0	-0.7071071	-0.7071071	0	0	0	0	-0.0143609205	-0.03969813	0.0056516198	-3.1199305e-09	0.0029706531	-1.0128133e-09	2.1422102e-06	7.775132e-07	276
0	0	-0.27197188	0	-0.7071068	0.7071068	0	0.707107	-0.70710707	0	-0.7071071	-0.7071071	0	0	0	0	-0.01436092	-0.03969813	0.0056516198	-3.213063e-09	-0.007235923	-1.8626452e-10	2.1422102e-06	7.8478837e-07	276
0	0	-0.27197188	0	-0.70710677	0.70710677	0	0.70710707	-0.70710707	0	-0.7071071	-0.7071071	0	0	0	0	-0.0143609205	-0.03969813	0.0056516198	-3.5855918e-09	-0.018470151	-4.656613e-10	2.1422102e-06	7.920635e-07	276
0	0	-0.27197188	0	-0.70710677	0.70710677	0	0.70710707	-0.70710707	0	-0.7071071	-0.7071071	0	0	0	0	-0.0143609205	-0.03969813	0.0056516193	-3.8184225e-09	-0.030548433	-1.0477379e-10	2.1422102e-06	7.9933864e-07	276
0	0	-0.2719719	0	-0.70710677	0.7071068	0	0.70710707	-0.707107	0	-0.7071071	-0.7071071	0	0	0	0	-0.01436092	-0.03969813	0.0056516193	-4.6100466e-09	-0.04317967	-6.752089e-10	2.1422102e-06	8.0661374e-07	276
0	0	-0.27197188	0	-0.70710677	0.70710677	0	0.70710707	-0.70710707	0	-0.7071071	-0.7071071	0	0	0	0	-0.01436092	-0.03969813	0.00565162	-5.448237e-09	-0.05596322	-1.1059456e-09	2.1422102e-06	8.138889e-07	276
0	0	-0.27197188	0	-0.70710677	0.7071068	0	0.70710707	-0.707107	0	-0.7071071	-0.7071071	0	0	0	0	-0.01436092	-0.03969813	0.0056516198	-4.2840838e-09	-0.06841473	-8.0326573e-10	2.1422102e-06	8.21164e-07	276
0	0	-0.27197188	0	-0.70710677	0.70710677	0	0.707107	-0.70710707	0	-0.7071071	-0.7071071	0	0	0	0	-0.01436092	-0.03969813	0.00565162	-4.2840838e-09	-0.08002512	-1.2340025e-09	2.1422102e-06	8.2843917e-07	276
0	0	-0.27197188	0	-0.70710677	0.7071068	0	0.707107	-0.70710707	0	-0.7071071	-0.7071071	0	0	0	0	-0.01436092	-0.03969813	0.0056516198	-3.5390257e-09	-0.09033962	-1.3038516e-09	2.1422102e-06	8.357143e-07	276
0	0	-0.27197188	0	-0.7071068	0.70710677	0	0.70710707	-0.70710707	0	-0.7071071	-0.7071071	0	0	0	0	-0.01436092	-0.03969813	0.00565162	-2.561137e-09	-0.09903171	-1.1175871e-09	2.1422102e-06	8.4298944e-07	276
0	0	-0.27197188	0	-0.70710677	0.7071068	0	0.707107	-0.70710707	0	-0.7071071	-0.7071071	0	0	0	0	-0.01436092	-0.03969813	0.0056516193	-3.0035152e-09	-0.10594527	-1.3504178e-09	2.1422102e-06	8.5026454e-07	276
0	0	-0.27197188	0	-0.7071068	0.7071068	0	0.70710707	-0.70710707	0	-0.7071071	-0.7071071	0	0	0	0	-0.0143609205	-0.03969813	0.0056516198	-2.910383e-09	-0.11109301	-1.1292286e-09	2.1422102e-06	8.575397e-07	276
0	0	-0.27197188	0	-0.7071068	0.7071068	0	0.707107	-0.70710707	0	-0.7071071	-0.7071071	0	0	0	0	-0.01436092	-0.03969813	0.0056516193	-2.6077032e-09	-0.114619	-1.3562385e-09	2.1422102e-06	8.648148e-07	276
0	0	-0.2719719	0	-0.70710677	0.7071068	0	0.70710707	-0.70710707	0	-0.7071071	-0.7071071	0	0	0	0	-0.0143609205	-0.03969813	0.0056516193	-2.2584572e-09	-0.11674474	-1.8218997e-09	2.1422102e-06	8.7208997e-07	276
0	0	-0.27197188	0	-0.7071068	0.7071068	0	0.707107	-0.70710707	0	-0.7071071	-0.7071071	0	0	0	0	-0.0143609205	-0.03969813	0.0056516198	-2.3515896e-09	-0.11772014	-1.542503e-09	2.1422102e-06	8.793651e-07	276
0	0	-0.27197188	0	-0.7071068	0.70710677	0	0.70710707	-0.70710707	0	-0.7071071	-0.7071071	0	0	0	0	-0.01436092	-0.03969813	0.0056516198	-2.2584572e-09	-0.11778879	-1.679291e-09	2.1422102e-06	8.8664024e-07	276
0	0	-0.27197188	0	-0.7071068	0.70710677	0	0.707107	-0.70710707	0	-0.7071071	-0.7071071	0	0	0	0	-0.01436092	-0.03969813	0.0056516198	-2.1362212e-09	-0.117168345	-1.5133992e-09	2.1422102e-06	8.9391534e-07	276
0	0	-0.2719719	0	-0.70710677	0.70710677	0	0.70710707	-0.70710707	0	-0.7071071	-0.7071071	0	0	0	0	-0.01436092	-0.03969813	0.0056516198	-2.0256266e-09	-0.11604307	-1.1059456e-09	2.1422102e-06	9.011905e-07	276
0	0	-0.27197188	0	-0.7071068	0.70710677	0	0.70710707	-0.70710707	0	-0.7071071	-0.7071071	0	0	0	0	-0.01436092	-0.03969813	0.0056516193	-1.6065315e-09	-0.114563346	-1.4086254e-09	2.1422102e-06	9.084656e-07	276
0	0	-0.27197188	0	-0.70710677	0.7071068	0	0.70710707	-0.70710707	0	-0.7071071	-0.7071071	0	0	0	0	-0.01436092	-0.03969813	0.0056516198	-9.313226e-10	-0.1128488	-1.3387762e-09	2.1422102e-06	9.157407e-07	276
0	0	-0.2719719	0	-0.70710677	0.7071068	0	0.70710707	-0.70710707	0	-0.7071071	-0.7071071	0	0	0	0	-0.01436092	-0.03969813	0.0056516193	-8.061761e-10	-0.110992715	-1.2572855e-09	2.1422102e-06	9.230159e-07	276
0	0	-0.27197188	0	-0.70710677	0.7071068	0	0.70710707	-0.70710707	0	-0.7071071	-0.7071071	0	0	0	0	-0.01436092	-0.03969813	0.0056516198	6.548362e-11	-0.10906682	-1.3620592e-09	2.1422102e-06	9.30291e-07	276
0	0	-0.27197188	0	-0.70710677	0.7071068	0	0.70710707	-0.707107	0	-0.7071071	-0.7071071	0	0	0	0	-0.01436092	-0.03969813	0.0056516198	9.546056e-10	-0.10712562	-2.1507731e-09	2.1422102e-06	9.3756614e-07	276
0	0	-0.27197188	0	-0.70710677	0.7071068	0	0.707107	-0.70710707	0	-0.7071071	-0.7071071	0	0	0	0	-0.01436092	-0.03969813	0.0056516193	1.6996637e-09	-0.10521009	-2.5815097e-09	2.1422102e-06	9.4484125e-07	276
0	0	-0.27197188	0	-0.7071068	0.7071068	0	0.70710707	-0.707107	0	-0.7071071	-0.7071071	0	0	0	0	-0.01436092	-0.03969813	0.0056516198	2.5158442e-09	-0.10335082	-3.0267984e-09	2.1422102e-06	9.521164e-07	276
0	0	-0.2719719	0	-0.70710677	0.70710677	0	0.707107	-0.707107	0	-0.7071071	-0.7071071	0	0	0	0	-0.0143609205	-0.03969813	0.0056516193	2.6970155e-09	-0.10157029	-3.6510754e-09	2.1422102e-06	9.593915e-07	276
0	0	-0.27197188	0	-0.7071068	0.70710677	0	0.70710707	-0.70710707	0	-0.7071071	-0.7071071	0	0	0	0	-0.01436092	-0.03969813	0.0056516193	2.1549567e-09	-0.09988485	-2.984598e-09	2.1422102e-06	9.666667e-07	276
0	0	-0.27197188	0	-0.7071068	0.70710677	0	0.7071071	-0.70710707	0	-0.7071071	-0.7071071	0	0	0	0	-0.0143609205	-0.03969813	0.00565162	1.9723303e-09	-0.09830621	-2.7495843e-09	2.1422102e-06	9.739418e-07	276
0	0	-0.27197188	0	-0.7071068	0.70710677	0	0.70710707	-0.707107	0	-0.7071071	-0.7071071	0	0	0	0	-0.0143609205	-0.03969813	0.0056516198	3.2392564e-09	-0.09684234	-3.2589014e-09	2.1422102e-06	9.812169e-07	276
0	0	-0.27197188	0	-0.70710677	0.70710677	0	0.70710707	-0.70710707	0	-0.7071071	-0.7071071	0	0	0	0	-0.01436092	-0.03969813	0.0056516198	3.655441e-09	-0.09549858	-4.4659827e-09	2.1422102e-06	9.88492e-07	276
0	0	-0.27197188	0	-0.7071068	0.70710677	0	0.7071071	-0.70710707	0	-0.7071071	-0.7071071	0	0	0	0	-0.01436092	-0.03969813	0.0056516193	5.671609e-09	-0.09427808	-6.2085745e-09	2.1422102e-06	9.957672e-07	276
0	0	-0.2719719	0	-0.70710677	0.7071068	0	0.70710707	-0.70710707	0	-0.7071071	-0.7071071	0	0	0	0	-0.01436092	-0.03969813	0.0056516198	7.673225e-09	-0.09318226	-7.970447e-09	2.1422102e-06	1.0030424e-06	276
0	0	-0.2719719	0	-0.70710677	0.7071068	0	0.70710707	-0.70710707	0	-0.7071071	-0.7071071	0	0	0	0	-0.01436092	-0.03969813	0.0056516193	7.668859e-09	-0.092211366	-8.843562e-09	2.1422102e-06	1.0103174e-06	276
0	0	-0.27197188	0	-0.70710677	0.7071068	0	0.70710707	-0.707107	0	-0.7071071	-0.7071071	0	0	0	0	-0.01436092	-0.03969813	0.0056516198	8.249481e-09	-0.091364525	-7.921517e-09	2.1422102e-06	1.0175926e-06	276
0	0	-0.27197188	0	-0.70710677	0.7071068	0	0.70710707	-0.707107	0	-0.7071071	-0.7071071	0	0	0	0	-0.0143609205	-0.03969813	0.00565162	8.856295e-09	-0.090640105	-6.4837877e-09	2.1422102e-06	1.0248677e-06	276
0	0	-0.27197188	0	-0.70710677	0.7071068	0	0.70710707	-0.707107	0	-0.7071071	-0.7071071	0	0	0	0	-0.01436092	-0.03969813	0.0056516198	8.543429e-09	-0.09003582	-4.444826e-09	2.1422102e-06	1.0321429e-06	276
0	0	-0.2719719	0	-0.70710677	0.7071068	0	0.707107	-0.70710707	0	-0.7071071	-0.7071071	0	0	0	0	-0.01436092	-0.03969813	0.0056516198	9.524956e-09	-0.089548886	-2.1213395e-09	2.1422102e-06	1.039418e-06	276
0	0	-0.27197188	0	-0.7071068	0.7071068	0	0.707107	-0.70710707	0	-0.7071071	-0.7071071	0	0	0	0	-0.0143609205	-0.03969813	0.0056516198	1.0308577e-08	-0.0891761	-8.1548707e-10	2.1422102e-06	1.0466931e-06	276
0	0	-0.2719719	0	-0.7071068	0.7071068	0	0.70710707	-0.70710707	0	-0.7071071	-0.7071071	0	0	0	0	-0.01436092	-0.03969813	0.00565162	1.05224895e-08	-0.08891396	2.3370603e-10	2.1422102e-06	1.0539683e-06	276
0	0	-0.27197188	0	-0.70710677	0.70710677	0	0.70710707	-0.707107	0	-0.7071071	-0.7071071	0	0	0	0	-0.01436092	-0.03969813	0.0056516198	1.1344673e-08	-0.08875869	9.246833e-10	2.1422102e-06	1.0612434e-06	276
0	0	-0.27197188	0	-0.70710677	0.70710677	0	0.70710707	-0.70710707	0	-0.7071071	-0.7071071	0	0	0	0	-0.0143609205	-0.03969813	0.0056516193	1.1154043e-08	-0.08870624	1.6400008e-09	2.1422102e-06	1.0685185e-06	276
0	0	-0.2719719	0	-0.7071068	0.7071068	0	0.70710707	-0.70710707	0	-0.7071071	-0.7071071	0	0	0	0	-0.01436092	-0.03969813	0.0056516193	1.1196244e-08	-0.08875233	2.4745532e-09	2.1422102e-06	1.0757936e-06	276
0	0	-0.2719719	0	-0.70710677	0.7071068	0	0.707107	-0.70710707	0	-0.7071071	-0.7071071	0	0	0	0	-0.01436092	-0.03969813	0.0056516198	1.048902e-08	-0.088892475	3.4073309e-09	2.1422102e-06	1.0830688e-06	276
0	0	-0.27197188	0	-0.70710677	0.7071068	0	0.70710707	-0.70710707	0	-0.7071071	-0.7071071	0	0	0	0	-0.0143609205	-0.03969813	0.0056516198	9.672658e-09	-0.08912189	4.238609e-09	2.1422102e-06	1.090344e-06	276
0	0	-0.2719719	0	-0.70710677	0.7071068	0	0.70710707	-0.70710707	0	-0.7071071	-0.7071071	0	0	0	0	-0.0143609205	-0.03969813	0.0056516198	9.012001e-09	-0.08943563	4.3466573e-09	2.1422102e-06	1.097619e-06	276
0	0	-0.27197188	0	-0.70710677	0.7071068	0	0.70710707	-0.70710707	0	-0.7071071	-0.7071071	0	0	0	0	-0.0143609205	-0.03969813	0.0056516198	8.642383e-09	-0.08982843	4.344474e-09	2.1422102e-06	1.1048942e-06	276
0	0	-0.27197188	0	-0.70710677	0.70710677	0	0.70710707	-0.707107	0	-0.7071071	-0.7071071	0	0	0	0	-0.01436092	-0.03969813	0.0056516198	8.4910425e-09	-0.09029474	4.3313775e-09	2.1422102e-06	1.1121693e-06	276
0	0	-0.2719719	0	-0.70710677	0.70710677	0	0.70710707	-0.707107	0	-0.7071071	-0.7071071	0	0	0	0	-0.01436092	-0.03969813	0.0056516193	8.492497e-09	-0.09082864	4.737376e-09	2.1422102e-06	1.1194444e-06	276
0	0	-0.27197188	0	-0.70710677	0.7071068	0	0.707107	-0.707107	0	-0.7071071	-0.7071071	0	0	0	0	-0.01436092	-0.03969813	0.0056516198	8.690404e-09	-0.091423824	5.787297e-09	2.1422102e-06	1.1267196e-06	276
0	0	-0.2719719	0	-0.70710677	0.7071068	0	0.70710707	-0.70710707	0	-0.7071071	-0.7071071	0	0	0	0	-0.0143609205	-0.03969813	0.0056516193	8.614734e-09	-0.09207356	7.221388e-09	2.1422102e-06	1.1339947e-06	276
0	0	-0.27197188	0	-0.7071068	0.7071068	0	0.70710707	-0.707107	0	-0.7071071	-0.7071071	0	0	0	0	-0.01436092	-0.03969813	0.0056516198	8.387724e-09	-0.092770614	8.771894e-09	2.1422102e-06	1.1412699e-06	276
0	0	-0.27197188	0	-0.70710677	0.70710677	0	0.70710707	-0.707107	0	-0.7071071	-0.7071071	0	0	0	0	-0.01436092	-0.03969813	0.0056516198	8.277129e-09	-0.093507215	1.0081567e-08	2.1422102e-06	1.1485449e-06	276
0	0	-0.27197188	0	-0.70710677	0.7071068	0	0.70710707	-0.707107	0	-0.7071071	-0.7071071	0	0	0	0	-0.0143609205	-0.03969813	0.0056516198	7.956987e-09	-0.09427495	1.13461285e-08	2.1422102e-06	1.1558201e-06	276
0	0	-0.27197188	0	-0.7071068	0.70710677	0	0.70710707	-0.70710707	0	-0.7071071	-0.7071071	0	0	0	0	-0.01436092	-0.03969813	0.0056516193	7.866765e-09	-0.09506482	1.2735836e-08	2.1422102e-06	1.1630952e-06	276
0	0	-0.27197188	0	-0.70710677	0.70710677	0	0.70710707	-0.70710707	0	-0.7071071	-0.7071071	0	0	0	0	-0.01436092	-0.03969813	0.0056516198	7.956987e-09	-0.095867015	1.4153192e-08	2.1422102e-06	1.1703704e-06	276
0	0	-0.2719719	0	-0.70710677	0.70710677	0	0.70710707	-0.70710707	0	-0.7071071	-0.7071071	0	0	0	0	-0.01436092	-0.03969813	0.00565162	7.2293913e-09	-0.096671	1.5059777e-08	2.1422102e-06	1.1776455e-06	276
0	0	-0.27197188	0	-0.70710677	0.7071068	0	0.70710707	-0.70710707	0	-0.7071071	-0.7071071	0	0	0	0	-0.0143609205	-0.03969813	0.0056516198	7.188646e-09	-0.09746541	1.4784746e-08	2.1422102e-06	1.1849206e-06	276
0	0	-0.2719719	0	-0.70710677	0.70710677	0	0.70710707	-0.70710707	0	-0.7071071	-0.7071071	0	0	0	0	-0.0143609205	-0.03969813	0.0056516198	6.7288055e-09	-0.09823788	1.371518e-08	2.1422102e-06	1.1921958e-06	276
0	0	-0.2719719	0	-0.70710677	0.7071068	0	0.707107	-0.70710707	0	-0.7071071	-0.7071071	0	0	0	0	-0.0143609205	-0.03969813	0.0056516198	6.193295e-09	-0.09897508	1.2171222e-08	2.1422102e-06	1.199471e-06	276
0	0	-0.2719719	0	-0.70710677	0.70710677	0	0.70710707	-0.70710707	0	-0.7071071	-0.7071071	0	0	0	0	-0.01436092	-0.03969813	0.0056516193	6.3795595e-09	-0.099662624	1.0820804e-08	2.1422102e-06	1.206746e-06	276
0	0	-0.2719719	0	-0.70710677	0.70710677	0	0.707107	-0.70710707	0	-0.7071071	-0.7071071	0	0	0	0	-0.0143609205	-0.03969813	0.0056516198	5.8556906e-09	-0.10028485	9.764335e-09	2.1422102e-06	1.2140212e-06	276
0	0	-0.27197188	0	-0.70710677	0.70710677	0	0.70710707	-0.70710707	0	-0.7071071	-0.7071071	0	0	0	0	-0.01436092	-0.03969813	0.0056516198	5.529728e-09	-0.10082488	8.597271e-09	2.1422102e-06	1.2212963e-06	276
0	0	-0.27197188	0	-0.70710677	0.70710677	0	0.70710707	-0.707107	0	-0.7071071	-0.7071071	0	0	0	0	-0.0143609205	-0.03969813	0.0056516198	4.877802e-09	-0.10126443	7.44476e-09	2.1422102e-06	1.2285715e-06	276
0	0	-0.27197188	0	-0.7071068	0.70710677	0	0.70710707	-0.707107	0	-0.7071071	-0.7071071	0	0	0	0	-0.0143609205	-0.03969813	0.0056516198	3.7485735e-09	-0.1015835	6.0739693e-09	2.1422102e-06	1.2358465e-06	276
0	0	-0.27197188	0	-0.7071068	0.70710677	0	0.707107	-0.707107	0	-0.7071071	-0.7071071	0	0	0	0	-0.0143609205	-0.03969813	0.0056516198	3.1664968e-09	-0.10176055	5.273614e-09	2.1422102e-06	1.2431217e-06	276
0	0	-0.27197188	0	-0.70710677	0.7071068	0	0.70710707	-0.70710707	0	-0.7071071	-0.7071071	0	0	0	0	-0.01436092	-0.03969813	0.0056516198	2.689194e-09	-0.10177193	4.9592925e-09	2.1422102e-06	1.2503968e-06	276
0	0	-0.27197188	0	-0.7071068	0.7071068	0	0.707107	-0.70710707	0	-0.7071071	-0.7071071	0	0	0	0	-0.01436092	-0.03969813	0.0056516198	3.085006e-09	-0.10159191	4.9796656e-09	2.1422102e-06	1.257672e-06	276
0	0	-0.27197188	0	-0.70710677	0.70710677	0	0.707107	-0.70710707	0	-0.7071071	-0.7071071	0	0	0	0	-0.01436092	-0.03969813	0.0056516198	3.0035152e-09	-0.10119226	5.742186e-09	2.1422102e-06	1.2649471e-06	276
0	0	-0.27197188	0	-0.70710677	0.7071068	0	0.707107	-0.70710707	0	-0.7071071	-0.7071071	0	0	0	0	-0.01436092	-0.03969813	0.0056516198	2.8405338e-09	-0.100541994	6.548362e-09	2.1422102e-06	1.2722222e-06	276
0	0	-0.27197188	0	-0.70710677	0.7071068	0	0.70710707	-0.707107	0	-0.7071071	-0.7071071	0	0	0	0	-0.01436092	-0.03969813	0.0056516198	2.7474016e-09	-0.099607095	6.8626833e-09	2.1422102e-06	1.2794974e-06	276
0	0	-0.2719719	0	-0.70710677	0.7071068	0	0.707107	-0.707107	0	-0.7071071	-0.7071071	0	0	0	0	-0.01436092	-0.03969813	0.0056516193	1.4901161e-09	-0.09835009	6.1816534e-09	2.1422102e-06	1.2867724e-06	276
0	0	-0.2719719	0	-0.70710677	0.7071068	0	0.70710707	-0.707107	0	-0.7071071	-0.7071071	0	0	0	0	-0.01436092	-0.03969813	0.0056516198	1.1641532e-09	-0.096729815	4.883623e-09	2.1422102e-06	1.2940476e-06	276
0	0	-0.2719719	0	-0.7071068	0.70710677	0	0.70710707	-0.70710707	0	-0.7071071	-0.7071071	0	0	0	0	-0.0143609205	-0.03969813	0.0056516198	6.2864275e-10	-0.09470084	3.0500815e-09	2.1422102e-06	1.3013228e-06	276
0	0	-0.2719719	0	-0.7071068	0.7071068	0	0.70710707	-0.707107	0	-0.7071071	-0.7071071	0	0	0	0	-0.01436092	-0.03969813	0.0056516198	1.1641532e-10	-0.09221337	1.5657861e-09	2.1422102e-06	1.3085979e-06	276
0	0	-0.2719719	0	-0.7071068	0.7071068	0	0.70710707	-0.70710707	0	-0.7071071	-0.7071071	0	0	0	0	-0.01436092	-0.03969813	0.0056516193	5.122274e-10	-0.08921282	9.895302e-10	2.1422102e-06	1.315873e-06	276
0	0	-0.2719719	0	-0.70710677	0.7071068	0	0.70710707	-0.70710707	0	-0.7071071	-0.7071071	0	0	0	0	-0.0143609205	-0.03969813	0.0056516198	4.656613e-10	-0.0856397	-9.8953026e-11	2.1422102e-06	1.3231481e-06	276
0	0	-0.27197188	0	-0.70710677	0.70710677	0	0.70710707	-0.70710707	0	-0.7071071	-0.7071071	0	0	0	0	-0.0143609205	-0.03969813	0.0056516198	-2.7939678e-10	-0.08142976	-7.4505807e-10	2.1422102e-06	1.3304233e-06	276
0	0	-0.27197188	0	-0.7071068	0.7071068	0	0.707107	-0.70710707	0	-0.7071071	-0.7071071	0	0	0	0	-0.01436092	-0.03969813	0.0056516198	-1.3038516e-09	-0.07651405	-1.6472768e-09	2.1422102e-06	1.3376984e-06	276
0	0	-0.27197188	0	-0.70710677	0.70710677	0	0.70710707	-0.70710707	0	-0.7071071	-0.7071071	0	0	0	0	-0.0143609205	-0.03969813	0.0056516198	-2.7474016e-09	-0.07081982	-2.8521754e-09	2.1422102e-06	1.3449735e-06	276
0	0	-0.27197188	0	-0.7071068	0.70710677	0	0.70710707	-0.707107	0	-0.7071071	-0.7071071	0	0	0	0	-0.0143609205	-0.03969813	0.0056516193	-3.6321581e-09	-0.0642715	-3.4458936e-09	2.1422102e-06	1.3522487e-06	276
0	0	-0.27197188	0	-0.70710677	0.70710677	0	0.707107	-0.70710707	0	-0.7071071	-0.7071071	0	0	0	0	-0.0143609205	-0.03969813	0.0056516193	-4.377216e-09	-0.056792844	-3.6205166e-09	2.1422102e-06	1.3595238e-06	276
0	0	-0.27197188	0	-0.70710677	0.70710677	0	0.707107	-0.70710707	0	-0.7071071	-0.7071071	0	0	0	0	-0.0143609205	-0.03969813	0.0056516198	-4.6100466e-09	-0.04831017	-3.5041012e-09	2.1422102e-06	1.366799e-06	276
0	0	-0.27197188	0	-0.70710677	0.7071068	0	0.707107	-0.70710707	0	-0.7071071	-0.7071071	0	0	0	0	-0.01436092	-0.03969813	0.0056516198	-4.4703485e-09	-0.038757905	-2.9802323e-09	2.1422102e-06	1.374074e-06	276
0	0	-0.27197188	0	-0.70710677	0.7071068	0	0.70710707	-0.70710707	0	-0.7071071	-0.7071071	0	0	0	0	-0.0143609205	-0.03969813	0.0056516193	-5.4948033e-09	-0.028087432	-2.3166649e-09	2.1422102e-06	1.3813492e-06	276
0	0	-0.2719719	0	-0.70710677	0.70710677	0	0.707107	-0.70710707	0	-0.7071071	-0.7071071	0	0	0	0	-0.01436092	-0.03969813	0.0056516198	-5.029142e-09	-0.016281102	-2.2002495e-09	2.1422102e-06	1.3886244e-06	276
0	0	-0.27197188	0	-0.70710677	0.70710677	0	0.70710707	-0.70710707	0	-0.7071071	-0.7071071	0	0	0	0	-0.0143609205	-0.03969813	0.0056516198	-5.029142e-09	-0.0033747628	-1.990702e-09	2.1422102e-06	1.3958995e-06	276
0	0	-0.2719719	0	-0.70710677	0.7071068	0	0.70710707	-0.707107	0	-0.7071071	-0.7071071	0	0	0	0	-0.01436092	-0.03969813	0.0056516193	-5.029142e-09	0.01051299	-2.3166649e-09	2.1422102e-06	1.4031746e-06	276
0	0	-0.2719719	0	-0.70710677	0.70710677	0	0.70710707	-0.70710707	0	-0.7071071	-0.7071071	0	0	0	0	-0.0143609205	-0.03969813	0.0056516193	-4.377216e-09	0.02514489	-3.1082892e-09	2.1422102e-06	1.4104497e-06	276
0	0	-0.2719719	0	-0.70710677	0.7071068	0	0.70710707	-0.70710707	0	-0.7071071	-0.7071071	0	0	0	0	-0.01436092	-0.03969813	0.0056516193	-4.5634807e-09	0.040136248	-3.934838e-09	2.1422102e-06	1.4177249e-06	276
