-0.1574 
-0.0603 
0.0510 
0.1786 
0.3251 
0.4934 
0.6870 
0.9102 
1.1678 
1.4661 
1.8122 
2.2152 
2.6860 
3.2383 
3.8890 
4.6596 
5.5772 
6.6767 
8.0036 
9.6175 
11.5977 
14.0514 
17.1250 
21.0208 
26.0210 
32.5181 
41.0436 
52.2530 
66.7064 
83.9754 
100.2740 
106.0197 
91.8472 
60.7665 
22.8384 
-16.3195 
-55.5842 
-93.8357 
-125.4645 
-140.4244 
-135.7269 
-120.7673 
-105.1684 
-92.7700 
-84.0716 
-78.6078 
-75.8504 
-75.4395 
-77.2172 
-81.2247 
-87.7045 
-97.1093 
-110.0752 
-127.1981 
-148.1435 
-169.2869 
-181.2927 
-175.1555 
-154.3914 
-129.7328 
-107.5559 
-89.3703 
-74.7762 
-62.9988 
-53.3459 
-45.2859 
-38.4268 
-32.4805 
-27.2332 
-22.5234 
-18.2262 
-14.2428 
-10.4924 
-6.9072 
-3.4278 
0.0000 
3.4278 
6.9072 
10.4924 
14.2428 
18.2262 
22.5234 
27.2332 
32.4805 
38.4268 
45.2859 
53.3459 
62.9988 
74.7762 
89.3703 
107.5559 
129.7328 
154.3914 
175.1555 
181.2927 
169.2869 
148.1435 
127.1981 
110.0752 
97.1093 
87.7045 
81.2247 
77.2172 
75.4395 
75.8504 
78.6078 
84.0716 
92.7700 
105.1684 
120.7673 
135.7269 
140.4244 
125.4645 
93.8357 
55.5842 
16.3195 
-22.8384 
-60.7665 
-91.8472 
-106.0197 
-100.2740 
-83.9754 
-66.7064 
-52.2530 
-41.0436 
-32.5181 
-26.0210 
-21.0208 
-17.1250 
-14.0514 
-11.5977 
-9.6175 
-8.0036 
-6.6767 
-5.5772 
-4.6596 
-3.8890 
-3.2383 
-2.6860 
-2.2152 
-1.8122 
-1.4661 
-1.1678 
-0.9102 
-0.6870 
-0.4934 
-0.3251 
-0.1786 
-0.0510 
0.0603 
0.1574 
