0.1174 
0.1141 
0.1107 
0.1069 
0.1029 
0.0986 
0.0939 
0.0890 
0.0836 
0.0779 
0.0717 
0.0650 
0.0578 
0.0501 
0.0418 
0.0328 
0.0231 
0.0126 
0.0012 
-0.0111 
-0.0244 
-0.0388 
-0.0546 
-0.0717 
-0.0903 
-0.1107 
-0.1330 
-0.1574 
-0.1842 
-0.2137 
-0.2462 
-0.2822 
-0.3220 
-0.3662 
-0.4154 
-0.4705 
-0.5322 
-0.6016 
-0.6799 
-0.7687 
-0.8699 
-0.9856 
-1.1187 
-1.2726 
-1.4516 
-1.6613 
-1.9087 
-2.2030 
-2.5561 
-2.9841 
-3.5088 
-4.1601 
-4.9802 
-6.0299 
-7.3989 
-9.2233 
-11.7164 
-15.2235 
-20.3251 
-28.0285 
-40.1200 
-59.7025 
-91.4570 
-139.2818 
-198.4875 
-253.4263 
-292.9631 
-317.8684 
-333.0544 
-342.4482 
-348.4116 
-352.2716 
-354.7721 
-356.3339 
-357.1920 
-357.4658 
-357.1920 
-356.3339 
-354.7721 
-352.2716 
-348.4116 
-342.4482 
-333.0544 
-317.8684 
-292.9631 
-253.4263 
-198.4875 
-139.2818 
-91.4570 
-59.7025 
-40.1200 
-28.0285 
-20.3251 
-15.2235 
-11.7164 
-9.2233 
-7.3989 
-6.0299 
-4.9802 
-4.1601 
-3.5088 
-2.9841 
-2.5561 
-2.2030 
-1.9087 
-1.6613 
-1.4516 
-1.2726 
-1.1187 
-0.9856 
-0.8699 
-0.7687 
-0.6799 
-0.6016 
-0.5322 
-0.4705 
-0.4154 
-0.3662 
-0.3220 
-0.2822 
-0.2462 
-0.2137 
-0.1842 
-0.1574 
-0.1330 
-0.1107 
-0.0903 
-0.0717 
-0.0546 
-0.0388 
-0.0244 
-0.0111 
0.0012 
0.0126 
0.0231 
0.0328 
0.0418 
0.0501 
0.0578 
0.0650 
0.0717 
0.0779 
0.0836 
0.0890 
0.0939 
0.0986 
0.1029 
0.1069 
0.1107 
0.1141 
0.1174 
