0.0020272895									 
0.0017640424									 
0.0016386204									 
0.0018826502									 
0.0023043584									 
0.0028354006									 
0.0032149216									 
0.0028334965									 
0.0019641113									 
0.0013705747									 
0.0010740882									 
0.00088514603									 
0.0007265954									 
0.0005849198									 
0.00046124964									 
0.00035725746									 
0.00027243883									 
0.00020458241									 
0.00015064143									 
0.00010746471									 
7.2268354e-05									 
4.2869444e-05									 
1.7777957e-05									 
-3.7707139e-06									 
-2.1755548e-05									 
-3.52812e-05									 
-4.2375807e-05									 
-3.958869e-05									 
-2.1374026e-05									 
2.0893041e-05									 
0.00010049172									 
0.00023774098									 
0.00046366078									 
0.0008255492									 
0.0013952235									 
0.0022809375									 
0.003624224									 
0.005838366									 
