-0.084077984									
-0.06687599									
-0.05437366									
-0.044903602									
-0.03748344									
-0.031519573									
-0.026623365									
-0.02252939									
-0.019049766									
-0.01604666									
-0.013416215									
-0.011078011									
-0.008968533									
-0.0070364336									
-0.0052398173									
-0.0035445115									
-0.0019237611									
-0.00035934796									
0.0011540568									
0.0026014573									
0.0039318823									
0.0050340365									
0.0056969994									
0.005556509									
0.0040348843									
0.0002619326									
-0.0069479207									
-0.018821472									
-0.034840625									
-0.050461058									
-0.061225478									
-0.06585736									
-0.0633949									
-0.053751543									
-0.040436525									
-0.027469102									
-0.016031418									
-0.00563036									
0.0045684297									
0.0153082125									
0.027205985									
0.040600028									
0.05428926									
0.064224966									
0.066871874									
0.062312838									
0.05150088									
0.035736695									
0.01956255									
0.00758735									
0.00033140986									
-0.0034505988									
-0.004961416									
-0.0050834147									
-0.0044007134									
-0.0032807244									
-0.0019352493									
-0.00047609123									
0.0010454836									
0.0026135293									
0.0042322655									
0.0059180837									
0.00769521									
0.009594584									
0.011653696									
0.013917892									
0.016443007									
0.019299012									
0.02257615									
0.0263939									
0.030915586									
0.03637254									
0.043104947									
0.051632423									
0.062812574									
0.07808766									
0.09868448									
