-0.094731845									 
-0.08877008									 
-0.07941641									 
-0.06919112									 
-0.05654085									 
-0.03989398									 
-0.018761909									 
0.0025042887									 
0.01719533									 
0.024021208									 
0.026173962									 
0.026291423									 
0.025573613									 
0.024438156									 
0.02301558									 
0.021366848									 
0.019544734									 
0.017603006									 
0.015590908									 
0.013547341									 
0.0114978505									 
0.009454346									 
0.0074167275									 
0.0053745955									 
0.0033090771									 
0.0011939148									 
-0.0010042053									 
-0.0033257196									 
-0.005819875									 
-0.008546872									 
-0.011581574									 
-0.0150192045									 
-0.018984128									 
-0.023643468									 
-0.029228993									 
-0.036074866									 
-0.04468866									 
-0.056021105									 
