5.1380 
5.7466 
6.4419 
7.2387 
8.1541 
9.2090 
10.4283 
11.8422 
13.4872 
15.4081 
17.6592 
20.3079 
23.4367 
27.1479 
31.5672 
36.8482 
43.1754 
50.7609 
59.8271 
70.5552 
82.9552 
96.5735 
109.9055 
119.4645 
119.2710 
103.3804 
71.4471 
28.8475 
-18.5530 
-66.3356 
-110.0952 
-144.0089 
-162.7728 
-166.8379 
-162.2900 
-155.2859 
-149.5189 
-146.7030 
-147.4324 
-151.5969 
-158.2997 
-165.2750 
-167.9834 
-159.7722 
-135.8763 
-98.2062 
-52.7699 
-4.8943 
41.2356 
80.7854 
107.5836 
117.6335 
113.6186 
102.0724 
88.2030 
74.7238 
62.6980 
52.3748 
43.6622 
36.3524 
30.2182 
25.0508 
20.6697 
16.9236 
13.6864 
10.8528 
8.3338 
6.0531 
3.9435 
1.9446 
-0.0000 
-1.9446 
-3.9435 
-6.0531 
-8.3338 
-10.8528 
-13.6864 
-16.9236 
-20.6697 
-25.0508 
-30.2182 
-36.3524 
-43.6622 
-52.3748 
-62.6980 
-74.7238 
-88.2030 
-102.0724 
-113.6186 
-117.6335 
-107.5836 
-80.7854 
-41.2356 
4.8943 
52.7699 
98.2062 
135.8763 
159.7722 
167.9834 
165.2750 
158.2997 
151.5969 
147.4324 
146.7030 
149.5189 
155.2859 
162.2900 
166.8379 
162.7728 
144.0089 
110.0952 
66.3356 
18.5530 
-28.8475 
-71.4471 
-103.3804 
-119.2710 
-119.4645 
-109.9055 
-96.5735 
-82.9552 
-70.5552 
-59.8271 
-50.7609 
-43.1754 
-36.8482 
-31.5672 
-27.1479 
-23.4367 
-20.3079 
-17.6592 
-15.4081 
-13.4872 
-11.8422 
-10.4283 
-9.2090 
-8.1541 
-7.2387 
-6.4419 
-5.7466 
-5.1380 
