-0.1328 
-0.1443 
-0.1567 
-0.1701 
-0.1845 
-0.2000 
-0.2167 
-0.2347 
-0.2539 
-0.2746 
-0.2966 
-0.3202 
-0.3454 
-0.3723 
-0.4008 
-0.4310 
-0.4631 
-0.4969 
-0.5324 
-0.5698 
-0.6088 
-0.6494 
-0.6914 
-0.7348 
-0.7792 
-0.8245 
-0.8701 
-0.9159 
-0.9611 
-1.0054 
-1.0479 
-1.0881 
-1.1251 
-1.1579 
-1.1856 
-1.2072 
-1.2215 
-1.2275 
-1.2239 
-1.2097 
-1.1837 
-1.1449 
-1.0924 
-1.0255 
-0.9435 
-0.8460 
-0.7330 
-0.6045 
-0.4608 
-0.3027 
-0.1312 
0.0526 
0.2471 
0.4506 
0.6610 
0.8762 
1.0938 
1.3113 
1.5262 
1.7359 
1.9378 
2.1293 
2.3082 
2.4720 
2.6185 
2.7460 
2.8527 
2.9372 
2.9984 
3.0354 
3.0478 
3.0354 
2.9984 
2.9372 
2.8527 
2.7460 
2.6185 
2.4720 
2.3082 
2.1293 
1.9378 
1.7359 
1.5262 
1.3113 
1.0938 
0.8762 
0.6610 
0.4506 
0.2471 
0.0526 
-0.1312 
-0.3027 
-0.4608 
-0.6045 
-0.7330 
-0.8460 
-0.9435 
-1.0255 
-1.0924 
-1.1449 
-1.1837 
-1.2097 
-1.2239 
-1.2275 
-1.2215 
-1.2072 
-1.1856 
-1.1579 
-1.1251 
-1.0881 
-1.0479 
-1.0054 
-0.9611 
-0.9159 
-0.8701 
-0.8245 
-0.7792 
-0.7348 
-0.6914 
-0.6494 
-0.6088 
-0.5698 
-0.5324 
-0.4969 
-0.4631 
-0.4310 
-0.4008 
-0.3723 
-0.3454 
-0.3202 
-0.2966 
-0.2746 
-0.2539 
-0.2347 
-0.2167 
-0.2000 
-0.1845 
-0.1701 
-0.1567 
-0.1443 
-0.1328 
