-0.06114612									 
-0.067980945									 
-0.08008394									 
-0.09449086									 
-0.11022535									 
-0.124757156									 
-0.13286649									 
-0.12853257									 
-0.11345202									 
-0.095643945									 
-0.07992423									 
-0.06706076									 
-0.05654861									 
-0.047804754									 
-0.04042678									 
-0.03416214									 
-0.028842298									 
-0.02433926									 
-0.020543488									 
-0.017355416									 
-0.01468372									 
-0.012445964									 
-0.010569412									 
-0.008991229									 
-0.007657976									 
-0.0065245903									 
-0.005553021									 
-0.0047106184									 
-0.0039683767									 
-0.0032989574									 
-0.0026742863									 
-0.0020624336									 
-0.0014233714									 
-0.0007029707									 
0.00017563639									 
0.0013243126									 
0.0028871228									 
0.0052824966									 
