0.044653825									 
0.040023874									 
0.033368442									 
0.027556662									 
0.022332525									 
0.017367061									 
0.01198941									 
0.00659344									 
0.002826023									 
0.0009771897									 
0.00019365177									 
-1.650145e-05									 
6.309966e-05									 
0.0002371479									 
0.00037728043									 
0.00040886994									 
0.0002955697									 
2.5789323e-05									 
-0.00039769302									 
-0.0009661684									 
-0.0016700162									 
-0.0025019343									 
-0.0034590003									 
-0.0045435433									 
-0.005763807									 
-0.0071343053									 
-0.008676511									 
-0.010420009									 
-0.012403982									 
-0.014679913									 
-0.01731522									 
-0.02039901									 
-0.02405109									 
-0.02843525									 
-0.033781517									 
-0.04042444									 
-0.04887466									 
-0.060077365									 
