-0.011339873	
-0.008181749	
-0.006096937	
-0.004705375	
-0.0038639868	
-0.0033942051	
-0.0031811735	
-0.003147945	
-0.0032443095	
-0.0034387028	
-0.003712648	
-0.004057043	
-0.004469926	
-0.0049552293	
-0.005522402	
-0.006186816	
-0.0069708657	
-0.007905816	
-0.009034167	
-0.01041215	
-0.012110913	
-0.014213737	
-0.016803738	
-0.019932646	
-0.023562651	
-0.02743592	
-0.030863266	
-0.03229987	
-0.029117355	
-0.019947918	
-0.006529098	
0.00968193	
0.028374504	
0.04767765	
0.06411993	
0.076192215	
0.08466535	
0.09070657	
0.09532822	
0.09967394	
0.10492623	
0.111084096	
0.11545805	
0.114955015	
0.11104305	
0.107423	
0.104816385	
0.09986978	
0.08926081	
0.07505393	
0.060923394	
0.048590183	
0.038453102	
0.030374069	
0.024028737	
0.019072145	
0.01519683	
0.012152608	
0.009745294	
0.007827934	
0.0062906896	
0.0050521055	
0.0040522106	
0.0032475751	
0.0026078357	
0.0021135537	
0.0017550668	
0.0015323242	
0.0014555617	
0.0015469547	
0.0018432626	
0.0023996723	
0.0032949857	
0.004649673	
0.0065173875	
0.009147858	
0.012718827	
