-0.072222516									
-0.05590455									
-0.043868743									
-0.034594566									
-0.027183473									
-0.021089736									
-0.015954178									
-0.011529797									
-0.0076402565									
-0.0041548526									
-0.000973816									
0.001981579									
0.0047747795									
0.007458874									
0.010078822									
0.012673608									
0.015276496									
0.017914388									
0.020604534									
0.023349036									
0.026123581									
0.028860865									
0.031423524									
0.03356797									
0.034906898									
0.03486678									
0.032738764									
0.027917054									
0.020994984									
0.014826738									
0.011223523									
0.008972871									
0.0068641533									
0.0058885375									
0.0071856184									
0.00934927									
0.010252101									
0.008870471									
0.005299032									
3.8398466e-05									
-0.006390303									
-0.013141329									
-0.01844896									
-0.020325972									
-0.019199725									
-0.01772633									
-0.018433519									
-0.022554									
-0.028101532									
-0.031965595									
-0.033416517									
-0.03302224									
-0.03144598									
-0.029206803									
-0.026644738									
-0.023966987									
-0.021284042									
-0.018645572									
-0.016064856									
-0.013534502									
-0.011035483									
-0.008542061									
-0.0060239686									
-0.00344674									
-0.00077091315									
0.0020491597									
0.0050683063									
0.008353845									
0.011991223									
0.016092168									
0.020808091									
0.02635148									
0.033033017									
0.041324936									
0.05200291									
0.06636809									
0.08552981									
0.08552981									
0.08552981									
0.08552981									
0.08552981									
0.08552981									
0.08552981									
0.08552981									
0.08552981									
0.08552981									
0.08552981									
0.08552981									
0.08552981									
0.08552981									
0.08552981									
0.08552981									
0.08552981									
0.08552981									
0.08552981									
0.08552981									
0.08552981									
0.08552981									
0.08552981									
0.08552981									
0.08552981									
0.08552981									
0.08552981									
0.08552981									
0.08552981									
0.08552981									
0.08552981									
0.08552981									
0.08552981									
0.08552981									
0.08552981									
0.08552981									
0.08552981									
0.08552981									
0.08552981									
