0.0041526896									 
0.0048604463									 
0.006378914									 
0.008560909									 
0.011179365									 
0.0138112595									 
0.015549381									 
0.015086971									 
0.01267517									 
0.009839714									 
0.007338655									 
0.0052739894									 
0.0036108713									 
0.0023042965									 
0.0013077767									 
0.0005740706									 
5.527358e-05									 
-0.00029479412									 
-0.00051796867									 
-0.0006497896									 
-0.000718709									 
-0.0007463397									 
-0.0007482813									 
-0.0007351991									 
-0.00071383704									 
-0.0006878163									 
-0.00065814843									 
-0.0006234201									 
-0.00057956425									 
-0.0005191729									 
-0.00043022892									 
-0.00029392247									 
-8.123606e-05									 
0.00025226537									 
0.00077425316									 
0.0015869132									 
0.0028227752									 
0.0048703006									 
