-0.0061210915									 
-0.0084132105									 
-0.011093976									 
-0.0116989985									 
-0.009132986									 
-0.0022967774									 
0.008940213									 
0.020985559									 
0.02873608									 
0.031527016									 
0.031885915									 
0.03158986									 
0.031210646									 
0.030758735									 
0.030110443									 
0.029175607									 
0.027927687									 
0.026389841									 
0.024612555									 
0.022653632									 
0.020565653									 
0.01838949									 
0.016151752									 
0.013865129									 
0.011529593									 
0.009133872									 
0.0066564907									 
0.0040660775									 
0.0013208869									 
-0.0016329731									 
-0.0048643313									 
-0.008461976									 
-0.012542846									 
-0.017264111									 
-0.022843497									 
-0.029594524									 
-0.037992258									 
-0.048933066									 
