-0.011013665	
-0.00806125	
-0.0061438573	
-0.0048963847	
-0.0041858247	
-0.0038405391	
-0.0037507478	
-0.0038433848	
-0.004071357	
-0.0044057462	
-0.0048304554	
-0.005338655	
-0.0059307	
-0.0066130483	
-0.00739807	
-0.008304629	
-0.0093593225	
-0.010598307	
-0.012069404	
-0.01383394	
-0.015966866	
-0.018552698	
-0.021671746	
-0.025366453	
-0.029577874	
-0.03400364	
-0.037884474	
-0.039641723	
-0.03679433	
-0.028368145	
-0.017136732	
-0.0064190323	
0.0016648724	
0.0065801824	
0.010533478	
0.015773477	
0.022115516	
0.028012903	
0.03197873	
0.033076175	
0.030637264	
0.023948967	
0.012815065	
-0.0009200917	
-0.014172818	
-0.025721623	
-0.03548605	
-0.041855052	
-0.04280325	
-0.039525125	
-0.034592725	
-0.029512951	
-0.02492382	
-0.021027418	
-0.0178129	
-0.015192612	
-0.0130585795	
-0.011310471	
-0.009865031	
-0.008657164	
-0.00763771	
-0.0067703715	
-0.006028886	
-0.0053949016	
-0.004856551	
-0.0044077667	
-0.0040482366	
-0.0037840058	
-0.0036287042	
-0.0036055313	
-0.003750076	
-0.0041141654	
-0.0047709714	
-0.0058328956	
-0.0073426436	
-0.009536704	
-0.012599527	
