0.06158089									 
0.068677425									 
0.081120245									 
0.09586391									 
0.1120893									 
0.127273									 
0.13585404									 
0.13137837									 
0.11560548									 
0.09695844									 
0.08055587									 
0.06724481									 
0.056483082									 
0.047630444									 
0.04023233									 
0.033996817									 
0.02872878									 
0.024283938									 
0.020543696									 
0.01740406									 
0.0147720035									 
0.012564845									 
0.0107103									 
0.009146227									 
0.007819913									 
0.006686913									 
0.0057096067									 
0.0048555937									 
0.004095928									 
0.0034031083									 
0.0027486682									 
0.0021000246									 
0.001416181									 
0.0006416251									 
-0.00030253336									 
-0.0015312991									 
-0.0031940816									 
-0.005375193									 
