0.041928064									 
0.037507195									 
0.030843647									 
0.024671793									 
0.019166725									 
0.01451055									 
0.011062743									 
0.00846957									 
0.0058212657									 
0.0034629118									 
0.002066608									 
0.001511302									 
0.0014213963									 
0.001489971									 
0.0015319219									 
0.00145528									 
0.0012253694									 
0.0008378386									 
0.00030227896									 
-0.00036815222									 
-0.001161782									 
-0.0020710218									 
-0.003093694									 
-0.0042333687									 
-0.005499642									 
-0.006908289									 
-0.008481841									 
-0.010250654									 
-0.012254347									 
-0.014544443									 
-0.017187878									 
-0.020272521									 
-0.02391597									 
-0.02827835									 
-0.033583738									 
-0.040157486									 
-0.04849631									 
-0.05985184									 
