0.0114746755	
0.0077119125	
0.0051796767	
0.0034561343	
0.0023711144	
0.0017286314	
0.0014027638	
0.0013102752	
0.0013984435	
0.001636551	
0.0020102155	
0.002517901	
0.0031691731	
0.0039843204	
0.0049951705	
0.006247133	
0.0078025484	
0.009745515	
0.012188379	
0.015279831	
0.019213973	
0.024238208	
0.030654926	
0.038805626	
0.04901933	
0.06144619	
0.07569131	
0.09004305	
0.100942686	
0.1063425	
0.10928363	
0.11296688	
0.116758436	
0.11706013	
0.11244576	
0.106030755	
0.10052781	
0.09595369	
0.09113172	
0.084917955	
0.076297276	
0.06410126	
0.047560774	
0.028185694	
0.009438176	
-0.006823067	
-0.020283053	
-0.029479297	
-0.03268508	
-0.031245776	
-0.027764581	
-0.02380506	
-0.020083914	
-0.016875952	
-0.0142247835	
-0.012077996	
-0.010348985	
-0.008950711	
-0.007809107	
-0.0068661156	
-0.006078251	
-0.0054138536	
-0.004850478	
-0.0043729204	
-0.0039719483	
-0.0036437465	
-0.0033899506	
-0.0032183165	
-0.0031439734	
-0.0031914252	
-0.0033973774	
-0.0038145173	
-0.0045165187	
-0.0056156465	
-0.0071532857	
-0.009362003	
-0.012416773	
