0.022637142	
0.016395371	
0.01220857	
0.009317424	
0.0073657827	
0.00605273	
0.005188663	
0.0046490156	
0.0043517794	
0.004243223	
0.004288759	
0.0044671586	
0.004766994	
0.005184603	
0.0057232073	
0.006393033	
0.00721223	
0.008208588	
0.009421722	
0.010905126	
0.0127264075	
0.014962632	
0.017684296	
0.020917147	
0.024573166	
0.02831045	
0.03133287	
0.03204177	
0.027929762	
0.017874138	
0.003989136	
-0.011719288	
-0.028337734	
-0.043749873	
-0.055186536	
-0.062094606	
-0.06559815	
-0.06674761	
-0.06614387	
-0.06431085	
-0.061727956	
-0.058106616	
-0.051617403	
-0.040241398	
-0.024887132	
-0.008310707	
0.007254164	
0.019112263	
0.024917634	
0.025688909	
0.023892304	
0.021127563	
0.018213857	
0.015526416	
0.013190372	
0.011215344	
0.009561133	
0.008174471	
0.007004956	
0.006010621	
0.0051588537	
0.004425503	
0.0037934987	
0.0032516485	
0.0027938085	
0.002418607	
0.0021296877	
0.0019366238	
0.001856432	
0.0019159338	
0.0021550027	
0.0026309686	
0.0034242284	
0.0046564997	
0.006382659	
0.008852212	
0.012248215	
0.012248215	
0.012248215	
0.012248215	
0.012248215	
0.012248215	
0.012248215	
0.012248215	
0.012248215	
0.012248215	
0.012248215	
0.012248215	
0.012248215	
0.012248215	
0.012248215	
0.012248215	
0.012248215	
0.012248215	
0.012248215	
0.012248215	
0.012248215	
0.012248215	
0.012248215	
0.012248215	
0.012248215	
0.012248215	
0.012248215	
0.012248215	
0.012248215	
0.012248215	
0.012248215	
0.012248215	
0.012248215	
0.012248215	
0.012248215	
0.012248215	
0.012248215	
0.012248215	
0.012248215	
