3.3111 
3.8384 
4.4479 
5.1539 
5.9734 
6.9267 
8.0383 
9.3380 
10.8619 
12.6539 
14.7682 
17.2711 
20.2447 
23.7902 
28.0325 
33.1244 
39.2490 
46.6172 
55.4502 
65.9276 
78.0576 
91.3847 
104.4022 
113.6208 
113.0584 
96.7671 
64.3979 
21.3232 
-26.5962 
-74.9466 
-119.3289 
-153.9266 
-173.4434 
-178.3390 
-174.7089 
-168.7208 
-164.0806 
-162.5166 
-164.6387 
-170.3549 
-178.7888 
-187.6972 
-192.5666 
-186.7730 
-165.5833 
-130.9438 
-88.9024 
-44.8295 
-2.9570 
31.8317 
53.3179 
57.4668 
46.9488 
28.3395 
7.0049 
-13.9534 
-32.6444 
-47.2330 
-55.2540 
-54.2994 
-44.8917 
-31.3829 
-18.1159 
-7.2743 
0.4789 
5.1858 
7.2210 
7.1334 
5.5309 
2.9869 
-0.0000 
-2.9869 
-5.5309 
-7.1334 
-7.2210 
-5.1858 
-0.4789 
7.2743 
18.1159 
31.3829 
44.8917 
54.2994 
55.2540 
47.2330 
32.6444 
13.9534 
-7.0049 
-28.3395 
-46.9488 
-57.4668 
-53.3179 
-31.8317 
2.9570 
44.8295 
88.9024 
130.9438 
165.5833 
186.7730 
192.5666 
187.6972 
178.7888 
170.3549 
164.6387 
162.5166 
164.0806 
168.7208 
174.7089 
178.3390 
173.4434 
153.9266 
119.3289 
74.9466 
26.5962 
-21.3232 
-64.3979 
-96.7671 
-113.0584 
-113.6208 
-104.4022 
-91.3847 
-78.0576 
-65.9276 
-55.4502 
-46.6172 
-39.2490 
-33.1244 
-28.0325 
-23.7902 
-20.2447 
-17.2711 
-14.7682 
-12.6539 
-10.8619 
-9.3380 
-8.0383 
-6.9267 
-5.9734 
-5.1539 
-4.4479 
-3.8384 
-3.3111 
