-99.8799 
-87.0530 
-75.5345 
-65.1810 
-55.8874 
-47.5820 
-40.2239 
-33.8001 
-28.3250 
-23.8390 
-20.4079 
-18.1213 
-17.0900 
-17.4402 
-19.3043 
-22.8037 
-28.0225 
-34.9681 
-43.5190 
-53.3699 
-63.9965 
-74.6821 
-84.6307 
-93.1429 
-99.7655 
-104.3403 
-106.9513 
-107.8299 
-107.2669 
-105.5533 
-102.9494 
-99.6721 
-95.8943 
-91.7487 
-87.3338 
-82.7204 
-77.9573 
-73.0761 
-68.0951 
-63.0223 
-57.8582 
-52.5971 
-47.2289 
-41.7399 
-36.1138 
-30.3320 
-24.3743 
-18.2191 
-11.8437 
-5.2250 
1.6600 
8.8331 
16.3134 
24.1145 
32.2407 
40.6812 
49.4015 
58.3304 
67.3432 
76.2386 
84.7104 
92.3181 
98.4676 
102.4238 
103.3865 
100.6523 
93.8212 
82.9374 
68.4589 
51.0848 
31.5623 
10.5662 
-11.3360 
-33.6624 
-55.9659 
-77.7752 
-98.5420 
-117.6122 
-134.2500 
-147.7437 
-157.5905 
-163.6825 
-166.3647 
-166.3181 
-164.3542 
-161.2412 
-157.6148 
-153.9572 
-150.6129 
-147.8168 
-145.7218 
-144.4210 
-143.9631 
-144.3607 
-145.5935 
-147.6047 
-150.2913 
-153.4877 
-156.9432 
-160.2936 
-163.0339 
-164.5052 
-163.9230 
-160.4778 
-153.5166 
-142.7456 
-128.3265 
-110.7962 
-90.8742 
-69.2853 
-46.6651 
-23.5449 
-0.3852 
22.3705 
44.2360 
64.6348 
82.8829 
98.2343 
110.0128 
117.8083 
121.6387 
121.9551 
119.4857 
115.0294 
109.3050 
102.8849 
96.1881 
89.5027 
83.0148 
76.8369 
71.0299 
65.6201 
60.6112 
55.9928 
51.7462 
47.8482 
44.2738 
40.9974 
37.9942 
35.2407 
32.7147 
30.3961 
28.2660 
26.3075 
24.5052 
22.8450 
21.3143 
19.9017 
18.5967 
17.3902 
16.2735 
