5.5134 
4.9935 
4.4728 
3.9539 
3.4390 
2.9309 
2.4320 
1.9450 
1.4725 
1.0172 
0.5819 
0.1693 
-0.2177 
-0.5762 
-0.9034 
-1.1962 
-1.4517 
-1.6668 
-1.8385 
-1.9636 
-2.0388 
-2.0611 
-2.0270 
-1.9333 
-1.7764 
-1.5527 
-1.2585 
-0.8900 
-0.4432 
0.0863 
0.7030 
1.4117 
2.2176 
3.1262 
4.1436 
5.2764 
6.5318 
7.9176 
9.4425 
11.1161 
12.9489 
14.9526 
17.1401 
19.5255 
22.1247 
24.9548 
28.0348 
31.3850 
35.0274 
38.9849 
43.2810 
47.9387 
52.9787 
58.4167 
64.2597 
70.4995 
77.1042 
84.0055 
91.0809 
98.1310 
104.8510 
110.8015 
115.3886 
117.8765 
117.4643 
113.4467 
105.4217 
93.4306 
77.9283 
59.6103 
39.2201 
17.4287 
-5.2008 
-28.1905 
-51.0974 
-73.4544 
-94.7172 
-114.2355 
-131.2773 
-145.1344 
-155.3075 
-161.6917 
-164.6351 
-164.8215 
-163.0648 
-160.1358 
-156.6723 
-153.1585 
-149.9408 
-147.2558 
-145.2580 
-144.0419 
-143.6574 
-144.1183 
-145.4056 
-147.4632 
-150.1890 
-153.4183 
-156.9010 
-160.2736 
-163.0316 
-164.5168 
-163.9451 
-160.5072 
-153.5508 
-142.7822 
-128.3635 
-110.8319 
-90.9071 
-69.3140 
-46.6885 
-23.5623 
-0.3956 
22.3677 
44.2413 
64.6485 
82.9055 
98.2660 
110.0537 
117.8586 
121.6984 
122.0241 
119.5641 
115.1170 
109.4018 
102.9906 
96.3027 
89.6259 
83.1465 
76.9769 
71.1780 
65.7759 
60.7746 
56.1635 
51.9240 
48.0329 
44.4650 
41.1949 
38.1978 
35.4501 
32.9298 
30.6165 
28.4916 
26.5380 
24.7403 
23.0846 
21.5581 
20.1495 
18.8484 
17.6454 
16.5321 
