-0.5072868									
-0.32268345									
-0.21414384									
-0.14405745									
-0.09790753									
-0.07185221									
-0.06651369									
-0.07341213									
-0.08176828									
-0.098600976									
-0.12788536									
-0.16224721									
-0.19631913									
-0.22611453									
-0.24227865									
-0.22988269									
-0.18466638									
-0.120943666									
-0.061170764									
-0.0123882									
0.035737626									
0.09857703									
0.19597116									
0.3651713									
