0.06252894									 
0.069300815									 
0.08136146									 
0.09580501									 
0.11171933									 
0.12673703									 
0.13546698									 
0.1312847									 
0.11562509									 
0.09686982									 
0.08025509									 
0.06673354									 
0.05582352									 
0.046893746									 
0.039475363									 
0.033257537									 
0.028029084									 
0.023634173									 
0.01994673									 
0.016858326									 
0.0142735755									 
0.0121087255									 
0.010291143									 
0.008758731									 
0.007458968									 
0.006347591									 
0.005387082									 
0.004545014									 
0.003792215									 
0.0031007049									 
0.0024412202									 
0.0017799628									 
0.0010741109									 
0.00026544946									 
-0.00072887575									 
-0.002029808									 
-0.0037958857									 
-0.0061253174									 
