-0.05153389									 
-0.046520416									 
-0.039294302									 
-0.033022966									 
-0.027539505									 
-0.022398872									 
-0.016584383									 
-0.01043147									 
-0.0060214954									 
-0.0040086205									 
-0.0035494445									 
-0.004005752									 
-0.004940281									 
-0.0060485005									 
-0.007147448									 
-0.008147046									 
-0.009019135									 
-0.0097721									 
-0.0104334615									 
-0.011038696									 
-0.011625027									 
-0.01222835									 
-0.012882059									 
-0.01361768									 
-0.014465748									 
-0.015457394									 
-0.016626218									 
-0.018010145									 
-0.01965441									 
-0.021614695									 
-0.023961391									 
-0.026785862									 
-0.030209621									 
-0.034398295									 
-0.039584085									 
-0.046104606									 
-0.05447664									 
-0.06599478									 
