46.0833 
47.2396 
48.3547 
49.3965 
50.3246 
51.0890 
51.6283 
51.8685 
51.7211 
51.0819 
49.8301 
47.8286 
44.9252 
40.9571 
35.7605 
29.1858 
21.1240 
11.5461 
0.5540 
-11.5641 
-24.2998 
-36.9497 
-48.7305 
-58.9537 
-67.1764 
-73.2491 
-77.2643 
-79.4605 
-80.1352 
-79.5857 
-78.0776 
-75.8329 
-73.0291 
-69.8030 
-66.2571 
-62.4655 
-58.4804 
-54.3363 
-50.0542 
-45.6447 
-41.1103 
-36.4478 
-31.6487 
-26.7015 
-21.5913 
-16.3011 
-10.8123 
-5.1044 
0.8438 
7.0544 
13.5493 
20.3493 
27.4725 
34.9317 
42.7304 
50.8570 
59.2761 
67.9161 
76.6517 
85.2807 
93.4966 
100.8583 
106.7713 
110.4999 
111.2436 
108.2985 
101.2642 
90.1846 
75.5174 
57.9613 
38.2631 
17.0976 
-4.9683 
-27.4527 
-49.9088 
-71.8657 
-92.7751 
-111.9832 
-128.7545 
-142.3772 
-152.3490 
-158.5620 
-161.3613 
-161.4283 
-159.5744 
-156.5680 
-153.0450 
-149.4877 
-146.2407 
-143.5389 
-141.5356 
-140.3237 
-139.9521 
-140.4336 
-141.7480 
-143.8384 
-146.6019 
-149.8732 
-153.4015 
-156.8227 
-159.6317 
-161.1700 
-160.6531 
-157.2713 
-150.3720 
-139.6611 
-125.3006 
-107.8274 
-87.9611 
-66.4264 
-43.8590 
-20.7904 
2.3191 
25.0258 
46.8435 
67.1957 
85.3983 
100.7053 
112.4404 
120.1937 
123.9828 
124.2588 
121.7501 
117.2553 
111.4933 
105.0364 
98.3037 
91.5832 
85.0611 
78.8496 
73.0099 
67.5680 
62.5277 
57.8786 
53.6020 
49.6747 
46.0715 
42.7669 
39.7362 
36.9557 
34.4034 
32.0589 
29.9036 
27.9203 
26.0937 
24.4097 
22.8557 
21.4202 
20.0929 
18.8644 
17.7262 
