-0.6556 
-0.6914 
-0.7296 
-0.7704 
-0.8139 
-0.8603 
-0.9099 
-0.9628 
-1.0193 
-1.0797 
-1.1440 
-1.2127 
-1.2861 
-1.3643 
-1.4477 
-1.5366 
-1.6312 
-1.7320 
-1.8391 
-1.9529 
-2.0736 
-2.2015 
-2.3368 
-2.4795 
-2.6298 
-2.7877 
-2.9530 
-3.1255 
-3.3046 
-3.4896 
-3.6797 
-3.8733 
-4.0688 
-4.2639 
-4.4555 
-4.6400 
-4.8125 
-4.9671 
-5.0966 
-5.1917 
-5.2412 
-5.2313 
-5.1448 
-4.9604 
-4.6520 
-4.1867 
-3.5227 
-2.6069 
-1.3699 
0.2803 
2.4675 
5.3616 
9.1976 
14.3025 
21.1241 
30.2478 
42.3426 
57.8756 
76.2668 
94.4666 
107.2841 
111.6419 
108.5367 
100.5912 
90.2211 
79.2642 
69.0526 
60.4948 
54.1383 
50.2563 
48.9542 
50.2563 
54.1383 
60.4948 
69.0526 
79.2642 
90.2211 
100.5912 
108.5367 
111.6419 
107.2841 
94.4666 
76.2668 
57.8756 
42.3426 
30.2478 
21.1241 
14.3025 
9.1976 
5.3616 
2.4675 
0.2803 
-1.3699 
-2.6069 
-3.5227 
-4.1867 
-4.6520 
-4.9604 
-5.1448 
-5.2313 
-5.2412 
-5.1917 
-5.0966 
-4.9671 
-4.8125 
-4.6400 
-4.4555 
-4.2639 
-4.0688 
-3.8733 
-3.6797 
-3.4896 
-3.3046 
-3.1255 
-2.9530 
-2.7877 
-2.6298 
-2.4795 
-2.3368 
-2.2015 
-2.0736 
-1.9529 
-1.8391 
-1.7320 
-1.6312 
-1.5366 
-1.4477 
-1.3643 
-1.2861 
-1.2127 
-1.1440 
-1.0797 
-1.0193 
-0.9628 
-0.9099 
-0.8603 
-0.8139 
-0.7704 
-0.7296 
-0.6914 
-0.6556 
