-0.012337572	
-0.009092583	
-0.0069928234	
-0.0056416383	
-0.004886788	
-0.0045453454	
-0.0045012757	
-0.004678953	
-0.0050316253	
-0.005533317	
-0.006173439	
-0.006953485	
-0.007885386	
-0.008991122	
-0.010303543	
-0.011868349	
-0.013747355	
-0.016023267	
-0.018806068	
-0.02224079	
-0.026515452	
-0.03186608	
-0.038571868	
-0.04692869	
-0.057189543	
-0.06941541	
-0.08318206	
-0.096920475	
-0.10742127	
-0.113188274	
-0.117994815	
-0.12582034	
-0.13667907	
-0.14659387	
-0.15184681	
-0.15310927	
-0.15285149	
-0.15265217	
-0.15304604	
-0.1538755	
-0.15445727	
-0.15330678	
-0.14805067	
-0.13806859	
-0.12714432	
-0.11928177	
-0.114439815	
-0.10857843	
-0.09789575	
-0.083936915	
-0.06996391	
-0.05756794	
-0.047176577	
-0.038723454	
-0.03194756	
-0.02654575	
-0.02223333	
-0.018770631	
-0.015967257	
-0.013676749	
-0.011788269	
-0.010218673	
-0.008905961	
-0.007804468	
-0.006881402	
-0.006114709	
-0.0054918975	
-0.0050098146	
-0.004675261	
-0.0045065405	
-0.0045359572	
-0.0048134993	
-0.0054118107	
-0.0064439825	
-0.007954666	
-0.010182803	
-0.013308625	
-0.013308625	
-0.013308625	
-0.013308625	
-0.013308625	
-0.013308625	
-0.013308625	
-0.013308625	
-0.013308625	
-0.013308625	
-0.013308625	
-0.013308625	
-0.013308625	
-0.013308625	
-0.013308625	
-0.013308625	
-0.013308625	
-0.013308625	
-0.013308625	
-0.013308625	
-0.013308625	
-0.013308625	
-0.013308625	
-0.013308625	
-0.013308625	
-0.013308625	
-0.013308625	
-0.013308625	
-0.013308625	
-0.013308625	
-0.013308625	
-0.013308625	
-0.013308625	
-0.013308625	
-0.013308625	
-0.013308625	
-0.013308625	
-0.013308625	
-0.013308625	
