2.1234 
2.2864 
2.4665 
2.6658 
2.8871 
3.1335 
3.4088 
3.7173 
4.0643 
4.4560 
4.9001 
5.4059 
5.9846 
6.6502 
7.4200 
8.3159 
9.3655 
10.6042 
12.0779 
13.8469 
15.9912 
18.6186 
21.8763 
25.9676 
31.1754 
37.8934 
46.6544 
58.1150 
72.8368 
90.3932 
106.9999 
113.0767 
99.2604 
68.5638 
31.0507 
-7.6576 
-46.4344 
-84.1548 
-115.2041 
-129.5298 
-124.1363 
-108.4100 
-91.9639 
-78.6257 
-68.8803 
-62.2450 
-58.1703 
-56.2702 
-56.3548 
-58.4246 
-62.6710 
-69.4815 
-79.4070 
-92.9318 
-109.5726 
-125.5033 
-131.1134 
-117.0184 
-86.2165 
-48.7633 
-10.2767 
28.1145 
65.2789 
95.5899 
108.9771 
102.4202 
85.2727 
67.1036 
51.6830 
39.4201 
29.7314 
21.9325 
15.4549 
9.8593 
4.8021 
0.0000 
-4.8021 
-9.8593 
-15.4549 
-21.9325 
-29.7314 
-39.4201 
-51.6830 
-67.1036 
-85.2727 
-102.4202 
-108.9771 
-95.5899 
-65.2789 
-28.1145 
10.2767 
48.7633 
86.2165 
117.0184 
131.1134 
125.5033 
109.5726 
92.9318 
79.4070 
69.4815 
62.6710 
58.4246 
56.3548 
56.2702 
58.1703 
62.2450 
68.8803 
78.6257 
91.9639 
108.4100 
124.1363 
129.5298 
115.2041 
84.1548 
46.4344 
7.6576 
-31.0507 
-68.5638 
-99.2604 
-113.0767 
-106.9999 
-90.3932 
-72.8368 
-58.1150 
-46.6544 
-37.8934 
-31.1754 
-25.9676 
-21.8763 
-18.6186 
-15.9912 
-13.8469 
-12.0779 
-10.6042 
-9.3655 
-8.3159 
-7.4200 
-6.6502 
-5.9846 
-5.4059 
-4.9001 
-4.4560 
-4.0643 
-3.7173 
-3.4088 
-3.1335 
-2.8871 
-2.6658 
-2.4665 
-2.2864 
-2.1234 
