5.0503 
5.6511 
6.3380 
7.1255 
8.0306 
9.0741 
10.2809 
11.6808 
13.3104 
15.2140 
17.4460 
20.0734 
23.1784 
26.8631 
31.2526 
36.5004 
42.7903 
50.3338 
59.3529 
70.0279 
82.3680 
95.9186 
109.1740 
118.6462 
118.3543 
102.3519 
70.2914 
27.5470 
-20.0187 
-67.9898 
-111.9649 
-146.1250 
-165.1710 
-169.5592 
-165.3817 
-158.8023 
-153.5224 
-151.2656 
-152.6363 
-157.5365 
-165.0832 
-173.0260 
-176.8434 
-169.9030 
-147.4629 
-111.4604 
-67.9345 
-22.2480 
21.3728 
58.0460 
81.5478 
87.8284 
79.5279 
63.1707 
44.0437 
25.1365 
8.1933 
-5.1245 
-12.5329 
-11.7795 
-3.4809 
8.0033 
18.4088 
25.6924 
29.3565 
29.6016 
26.9339 
21.9995 
15.4719 
7.9648 
-0.0000 
-7.9648 
-15.4719 
-21.9995 
-26.9339 
-29.6016 
-29.3565 
-25.6924 
-18.4088 
-8.0033 
3.4809 
11.7795 
12.5329 
5.1245 
-8.1933 
-25.1365 
-44.0437 
-63.1707 
-79.5279 
-87.8284 
-81.5478 
-58.0460 
-21.3728 
22.2480 
67.9345 
111.4604 
147.4629 
169.9030 
176.8434 
173.0260 
165.0832 
157.5365 
152.6363 
151.2656 
153.5224 
158.8023 
165.3817 
169.5592 
165.1710 
146.1250 
111.9649 
67.9898 
20.0187 
-27.5470 
-70.2914 
-102.3519 
-118.3543 
-118.6462 
-109.1740 
-95.9186 
-82.3680 
-70.0279 
-59.3529 
-50.3338 
-42.7903 
-36.5004 
-31.2526 
-26.8631 
-23.1784 
-20.0734 
-17.4460 
-15.2140 
-13.3104 
-11.6808 
-10.2809 
-9.0741 
-8.0306 
-7.1255 
-6.3380 
-5.6511 
-5.0503 
