0.0146 
-0.0141 
-0.0456 
-0.0803 
-0.1183 
-0.1600 
-0.2056 
-0.2554 
-0.3099 
-0.3694 
-0.4343 
-0.5050 
-0.5821 
-0.6659 
-0.7570 
-0.8560 
-0.9634 
-1.0800 
-1.2063 
-1.3431 
-1.4911 
-1.6510 
-1.8237 
-2.0100 
-2.2106 
-2.4265 
-2.6585 
-2.9075 
-3.1743 
-3.4596 
-3.7643 
-4.0890 
-4.4342 
-4.8002 
-5.1874 
-5.5956 
-6.0244 
-6.4731 
-6.9403 
-7.4242 
-7.9223 
-8.4308 
-8.9453 
-9.4595 
-9.9654 
-10.4519 
-10.9040 
-11.3005 
-11.6106 
-11.7883 
-11.7637 
-11.4290 
-10.6178 
-9.0753 
-6.4215 
-2.1229 
4.4714 
13.8656 
25.5902 
36.7865 
42.5188 
39.9905 
30.4569 
16.7380 
1.3704 
-13.7570 
-27.3113 
-38.4115 
-46.5480 
-51.4821 
-53.1322 
-51.4821 
-46.5480 
-38.4115 
-27.3113 
-13.7570 
1.3704 
16.7380 
30.4569 
39.9905 
42.5188 
36.7865 
25.5902 
13.8656 
4.4714 
-2.1229 
-6.4215 
-9.0753 
-10.6178 
-11.4290 
-11.7637 
-11.7883 
-11.6106 
-11.3005 
-10.9040 
-10.4519 
-9.9654 
-9.4595 
-8.9453 
-8.4308 
-7.9223 
-7.4242 
-6.9403 
-6.4731 
-6.0244 
-5.5956 
-5.1874 
-4.8002 
-4.4342 
-4.0890 
-3.7643 
-3.4596 
-3.1743 
-2.9075 
-2.6585 
-2.4265 
-2.2106 
-2.0100 
-1.8237 
-1.6510 
-1.4911 
-1.3431 
-1.2063 
-1.0800 
-0.9634 
-0.8560 
-0.7570 
-0.6659 
-0.5821 
-0.5050 
-0.4343 
-0.3694 
-0.3099 
-0.2554 
-0.2056 
-0.1600 
-0.1183 
-0.0803 
-0.0456 
-0.0141 
0.0146 
