-0.124968894									
-0.10141473									
-0.08404286									
-0.07075563									
-0.060288593									
-0.051866487									
-0.0449728									
-0.03924888									
-0.03443621									
-0.030342111									
-0.026819225									
-0.023751566									
-0.021046422									
-0.018627664									
-0.016432324									
-0.014407641									
-0.012510508									
-0.01070772									
-0.008980071									
-0.0073282835									
-0.0057870117									
-0.0044466555									
-0.0034909868									
-0.003256363									
-0.00431693									
-0.0076178345									
-0.014585605									
-0.026847886									
-0.044132408									
-0.06146377									
-0.07349051									
-0.07840945									
-0.07567262									
-0.06682885									
-0.05682026									
-0.048967626									
-0.042519685									
-0.035806056									
-0.028072592									
-0.019226287									
-0.009241825									
0.0015984148									
0.01167943									
0.018267345									
0.020609716									
0.020995103									
0.0223041									
0.026237221									
0.03138223									
0.03507599									
0.036704756									
0.036802318									
0.03597417									
0.034692194									
0.03326969									
0.031901397									
0.030695932									
0.029708574									
0.02896424									
0.028473398									
0.02824108									
0.028272975									
0.028578414									
0.029173117									
0.030080672									
0.031334937									
0.032982912									
0.035089213									
0.03774219									
0.04106454									
0.04522917									
0.05048639									
0.057209842									
0.06597592									
0.07774313									
0.094129756									
0.11650006									
0.11650006									
0.11650006									
0.11650006									
0.11650006									
0.11650006									
0.11650006									
0.11650006									
0.11650006									
0.11650006									
0.11650006									
0.11650006									
0.11650006									
0.11650006									
0.11650006									
0.11650006									
0.11650006									
0.11650006									
0.11650006									
0.11650006									
0.11650006									
0.11650006									
0.11650006									
0.11650006									
0.11650006									
0.11650006									
0.11650006									
0.11650006									
0.11650006									
0.11650006									
0.11650006									
0.11650006									
0.11650006									
0.11650006									
0.11650006									
0.11650006									
0.11650006									
0.11650006									
0.11650006									
