-0.026259981	
-0.01938378	
-0.014812534	
-0.011688903	
-0.009602701	
-0.008221599	
-0.0073379045	
-0.0068172486	
-0.0065735234	
-0.0065533346	
-0.0067264163	
-0.007079949	
-0.007615519	
-0.008347968	
-0.0093058115	
-0.010533063	
-0.012092494	
-0.014070481	
-0.016583491	
-0.019786367	
-0.023881705	
-0.029128749	
-0.03584712	
-0.044405047	
-0.055173736	
-0.06837136	
-0.083675876	
-0.099334	
-0.111415714	
-0.117443934	
-0.12061231	
-0.12454812	
-0.12881695	
-0.12963986	
-0.12520991	
-0.11843993	
-0.1121264	
-0.10653089	
-0.100755736	
-0.09394868	
-0.08533226	
-0.07370225	
-0.05789089	
-0.038868327	
-0.019935956	
-0.0032863303	
0.010554729	
0.020239102	
0.024141224	
0.023507338	
0.020834025	
0.017618395	
0.014542228	
0.011870373	
0.009653946	
0.007856557	
0.0064101787	
0.005244999	
0.004301182	
0.0035317799	
0.0029018717	
0.0023864822	
0.0019685763	
0.0016375439	
0.001388279	
0.0012209663	
0.001141431	
0.0011621584	
0.0013039622	
0.001598524	
0.0020919158	
0.002849414	
0.0039619403	
0.0055658105	
0.007737251	
0.010759397	
0.014844771	
0.014844771	
0.014844771	
0.014844771	
0.014844771	
0.014844771	
0.014844771	
0.014844771	
0.014844771	
0.014844771	
0.014844771	
0.014844771	
0.014844771	
0.014844771	
0.014844771	
0.014844771	
0.014844771	
0.014844771	
0.014844771	
0.014844771	
0.014844771	
0.014844771	
0.014844771	
0.014844771	
0.014844771	
0.014844771	
0.014844771	
0.014844771	
0.014844771	
0.014844771	
0.014844771	
0.014844771	
0.014844771	
0.014844771	
0.014844771	
0.014844771	
0.014844771	
0.014844771	
0.014844771	
