-0.061802223									 
-0.068907365									 
-0.08125443									 
-0.09574208									 
-0.11163545									 
-0.126554									 
-0.13514517									 
-0.13109115									 
-0.11591229									 
-0.09766079									 
-0.08137742									 
-0.06801597									 
-0.057141513									 
-0.04817379									 
-0.040680356									 
-0.034372773									 
-0.029052496									 
-0.024570324									 
-0.020803204									 
-0.017643698									 
-0.0149963									 
-0.012776643									 
-0.010911332									 
-0.009337567									 
-0.008002241									 
-0.0068606925									 
-0.005875204									 
-0.0050133									 
-0.004245926									 
-0.0035454002									 
-0.0028829167									 
-0.0022253124									 
-0.0015306516									 
-0.0007419525									 
0.00022188705									 
0.001479014									 
0.0031829427									 
0.005770599									 
