-0.049362842									 
-0.044489816									 
-0.037204947									 
-0.030559452									 
-0.024722269									 
-0.019801164									 
-0.015980264									 
-0.012886004									 
-0.0098580085									 
-0.00741685									 
-0.006228172									 
-0.006124101									 
-0.006670544									 
-0.0075017223									 
-0.008388335									 
-0.009213528									 
-0.009935946									 
-0.010557981									 
-0.011104466									 
-0.011609364									 
-0.01210855									 
-0.012636637									 
-0.013225675									 
-0.013905779									 
-0.014706286									 
-0.015657244									 
-0.016791401									 
-0.018146148									 
-0.0197664									 
-0.021707883									 
-0.02404158									 
-0.02686002									 
-0.030286863									 
-0.034491304									 
-0.039711237									 
-0.046293084									 
-0.054766815									 
-0.066096365									 
