-0.07772556									
-0.06096232									
-0.048667632									
-0.03925336									
-0.03178188									
-0.02568468									
-0.020587994									
-0.0162351									
-0.012442838									
-0.009075524									
-0.0060295686									
-0.0032231768									
-0.0005901337									
0.0019250257									
0.004369768									
0.006786003									
0.009210741									
0.011676325									
0.014207891									
0.016819073									
0.019502103									
0.022212304									
0.024843197									
0.02719318									
0.028931905									
0.029559357									
0.02843098									
0.024967942									
0.019797893									
0.015818639									
0.014786893									
0.0151999155									
0.014183329									
0.009065235									
3.7528574e-05									
-0.010309293									
-0.02007219									
-0.028543986									
-0.035471935									
-0.040857315									
-0.04549038									
-0.051247366									
-0.059299186									
-0.06682455									
-0.06915497									
-0.06463823									
-0.053489402									
-0.03698504									
-0.019963212									
-0.0072882352									
0.0005677182									
0.005011051									
0.0073520713									
0.008510539									
0.009070505									
0.00938552									
0.009655824									
0.009989555									
0.010443534									
0.0110480655									
0.01182128									
0.012777601									
0.013932413									
0.015305371									
0.016922595									
0.018819107									
0.02104183									
0.023653893									
0.026740279									
0.0304177									
0.034849234									
0.0402695									
0.047026698									
0.055655982									
0.06704393									
0.08268439									
0.10384233									
0.10384233									
0.10384233									
0.10384233									
0.10384233									
0.10384233									
0.10384233									
0.10384233									
0.10384233									
0.10384233									
0.10384233									
0.10384233									
0.10384233									
0.10384233									
0.10384233									
0.10384233									
0.10384233									
0.10384233									
0.10384233									
0.10384233									
0.10384233									
0.10384233									
0.10384233									
0.10384233									
0.10384233									
0.10384233									
0.10384233									
0.10384233									
0.10384233									
0.10384233									
0.10384233									
0.10384233									
0.10384233									
0.10384233									
0.10384233									
0.10384233									
0.10384233									
0.10384233									
0.10384233									
