0.01048101									 
0.011382069									 
0.012383232									 
0.01349851									 
0.014744405									 
0.016140543									 
0.017710416									 
0.019482447									 
0.021491207									 
0.023778843									 
0.026396198									 
0.029402422									 
0.032859214									 
0.036810476									 
0.041225985									 
0.045849938									 
0.049847048									 
0.051330946									 
0.047628466									 
0.037509296									 
0.022891905									 
0.006969573									 
-0.008042897									 
-0.020943021									 
-0.03112907									 
-0.039007515									 
-0.046455007									 
-0.055252377									 
-0.064372875									 
-0.07113842									 
-0.07455838									 
-0.07547135									 
-0.07507271									 
-0.07425495									 
-0.073550835									 
-0.07324848									 
-0.0734787									 
-0.07425755									 
-0.07548722									 
-0.07691444									 
-0.078040294									 
-0.07799467									 
-0.07554224									 
-0.069570065									 
-0.060292475									 
-0.049358882									 
-0.038284644									 
-0.027180592									 
-0.015197401									 
-0.0018773476									 
0.012271087									 
0.025706053									 
0.036061432									 
0.041523993									 
0.041830197									 
0.038326036									 
0.03312776									 
0.027646253									 
0.022464067									 
0.017714398									 
0.013363083									 
0.009326115									 
0.0055096634									 
0.0018226726									 
-0.001821727									 
-0.0055086953									 
-0.009325095									 
-0.01336199									 
-0.017713202									 
-0.022462746									 
-0.027644785									 
-0.03312613									 
-0.03832428									 
-0.04182844									 
-0.04152246									 
-0.036060188									 
-0.025704602									 
-0.0122687165									 
0.0018806838									 
0.015200943									 
0.027183097									 
0.038285077									 
0.049357187									 
0.060289867									 
0.06956734									 
0.075539485									 
0.07799193									 
0.078037694									 
0.07691206									 
0.07548508									 
0.07425565									 
0.073477									 
0.07324694									 
0.07354942									 
0.07425359									 
0.075071394									 
0.07547001									 
0.074557036									 
0.07113711									 
0.06437182									 
0.055251826									 
0.04645502									 
0.03900787									 
0.031129658									 
0.020943688									 
0.008043496									 
-0.0069691273									 
-0.022891616									 
-0.037509054									 
-0.04762825									 
-0.051330723									 
-0.049846835									 
-0.045849733									 
-0.0412258									 
-0.03681031									 
-0.03285907									 
-0.029402303									 
-0.0263961									 
-0.02377875									 
-0.02149114									 
-0.019482395									 
-0.017710375									 
-0.0161405									 
-0.014744378									 
-0.013498485									 
-0.012383216									 
-0.011382056									 
-0.010481001									 
NaN									 
