0.00075141405									 
0.0007081523									 
0.0006561774									 
0.0005944886									 
0.00052192656									 
0.00043708054									 
0.00033808843									 
0.00022229325									 
8.557473e-05									 
-7.88371e-05									 
-0.0002825152									 
-0.0005455395									 
-0.0009026803									 
-0.0014126342									 
-0.0021695343									 
-0.0033055632									 
-0.0048608193									 
-0.006406838									 
-0.0066088736									 
-0.0045863367									 
-0.0017148472									 
0.0003037817									 
0.0010064923									 
0.0007491261									 
9.5269745e-05									 
-0.00058914226									 
-0.0016548038									 
-0.0039567375									 
-0.006668093									 
-0.00799555									 
-0.00789747									 
-0.0071403333									 
-0.0062603224									 
-0.0054830667									 
-0.004861726									 
-0.0043838504									 
-0.0040071234									 
-0.003667809									 
-0.003270959									 
-0.0026616554									 
-0.001568262									 
0.0005187351									 
0.004453215									 
0.011130627									 
0.019886034									 
0.026989508									 
0.029378703									 
0.02766736									 
0.023665927									 
0.018341772									 
0.011812554									 
0.0043339324									 
-0.0024603754									 
-0.006065779									 
-0.0061768075									 
-0.004877278									 
-0.0037302743									 
-0.0030566144									 
-0.002718398									 
-0.002555016									 
-0.0024755474									 
-0.002434995									 
-0.002413652									 
-0.0024040753									 
-0.002404039									 
-0.0024135401									 
-0.002434812									 
-0.0024752927									 
-0.0025546998									 
-0.0027180302									 
-0.003056216									 
-0.003729864									 
-0.0048768693									 
-0.0061763832									 
-0.006065367									 
-0.002460088									 
0.0043338854									 
0.011811769									 
0.018339545									 
0.023661792									 
0.027661178									 
0.029370973									 
0.02698148									 
0.01987946									 
0.011126405									 
0.0044509866									 
0.00051768124									 
-0.0015687094									 
-0.0026618121									 
-0.0032709616									 
-0.003667727									 
-0.0040069725									 
-0.0043836334									 
-0.0048614275									 
-0.0054826606									 
-0.0062597613									 
-0.0071395435									 
-0.007896326									 
-0.007993848									 
-0.0066656065									 
-0.0039534112									 
-0.0016509402									 
-0.0005852075									 
9.9003315e-05									 
0.0007525434									 
0.0010095305									 
0.0003063927									 
-0.001712617									 
-0.0045843697									 
-0.00660711									 
-0.006405334									 
-0.00485962									 
-0.0033046624									 
-0.002168882									 
-0.0014121775									 
-0.0009023684									 
-0.00054533785									 
-0.00028238914									 
-7.876843e-05									 
8.5605905e-05									 
0.0002222942									 
0.00033807266									 
0.00043705027									 
0.00052188896									 
0.0005944447									 
0.00065613096									 
0.00070810434									 
0.0007513664									 
NaN									 
