0.0002900998									 
0.0002866637									 
0.00029312697									 
0.00030124327									 
0.0003095036									 
0.00031224714									 
0.00031160424									 
0.00031080688									 
0.00030984648									 
0.00030871568									 
0.0003074089									 
0.0003059178									 
0.0003042385									 
0.00030236616									 
0.00030029766									 
0.00029803225									 
0.0002955732									 
0.0002929272									 
0.00029010198									 
0.0002871122									 
0.00028397446									 
0.0002807132									 
0.00027735563									 
0.00027394158									 
0.00027051725									 
0.0002671406									 
0.00026388044									 
0.00026082146									 
0.00025806818									 
0.0002557448									 
0.00025400176									 
0.00025301857									 
0.00025301526									 
0.00025425642									 
0.0002570632									 
0.00026182004									 
0.0002689924									 
0.00027914546									 
0.00029296643									 
0.00031129006									 
0.00033513372									 
0.00036573573									 
0.00040461242									 
0.00045361754									 
0.0005150238									 
0.0005916214									 
0.0006868381									 
0.0008049008									 
0.00095102016									 
0.0011316299									 
0.0013546783									 
0.0016299947									 
0.0019697384									 
0.0023889432									 
0.0029061888									 
0.0035444074									 
0.0043318523									 
0.005168075									 
0.00616832									 
0.007363377									 
