-0.1264147									 
-0.11220328									 
-0.10030436									 
-0.090224184									 
-0.08157587									 
-0.074089035									 
-0.06755781									 
-0.061822314									 
-0.056756023									 
-0.05225762									 
-0.048244346									 
-0.044648673									 
-0.041413937									 
-0.03849331									 
-0.035846688									 
-0.033440493									 
-0.03124581									 
-0.029237926									 
-0.027395308									 
-0.025699792									 
-0.02413503									 
-0.022687081									 
-0.02134364									 
-0.02009408									 
-0.018928593									 
-0.017839042									 
-0.016817883									 
-0.015858535									 
-0.014954988									 
-0.014102165									 
-0.0132952									 
-0.01252987									 
-0.011802515									 
-0.01110953									 
-0.010447836									 
-0.009814723									 
-0.009207556									 
-0.008624021									 
-0.00806196									 
-0.007519513									 
-0.006994801									 
-0.006486219									 
-0.00599226									 
-0.0055115665									 
-0.00504271									 
-0.0045846435									 
-0.004136125									 
-0.0036961345									 
-0.0032636763									 
-0.002837799									 
-0.0024176075									 
-0.0020022495									 
-0.0015908687									 
-0.001182766									 
-0.00077703357									 
-0.0003731298									 
2.9966277e-05									 
0.0004327632									 
0.0008360167									 
0.00124053									 
0.0016470354									 
0.002056184									 
0.0024687778									 
0.0028856602									 
0.003307502									 
0.0037352801									 
0.0041697505									 
0.0046119583									 
0.0050627072									 
0.0055231503									 
0.005994257									 
0.006477291									 
0.0069734324									 
0.007484006									 
0.008010469									 
0.008554361									 
0.009117355									 
0.009701123									 
0.010307932									 
0.01093963									 
0.011598746									 
0.012287759									 
0.013009654									 
0.013767372									 
0.014564392									 
0.015404557									 
0.016291987									 
0.017231345									 
0.01822794									 
0.019287456									 
0.020416325									 
0.021621844									 
0.022912301									 
0.024296666									 
0.025785495									 
0.027390623									 
0.02912547									 
0.031005476									 
0.0330485									 
0.035274945									 
0.037708703									 
0.040377762									 
0.043315127									 
0.046559893									 
0.050159182									 
0.05417003									 
0.058662407									 
0.063722946									 
0.06946086									 
0.07601492									 
0.08356498									 
0.0923473									 
0.102699056									 
0.11504642									 