0.006903707									 
0.0070700618									 
0.0072537144									 
0.007565305									 
0.007864038									 
0.008182549									 
0.008514403									 
0.008851426									 
0.009193867									 
0.009542016									 
0.009896249									 
0.010256976									 
0.010624677									 
0.010999806									 
0.011382919									 
0.01177465									 
0.01217573									 
0.012586931									 
0.013009053									 
0.013443016									 
0.013889873									 
0.014350725									 
0.014826811									 
0.0153194405									 
0.01583013									 
0.016360477									 
0.016912233									 
0.017487362									 
0.018087951									 
0.018716348									 
0.019375097									 
0.020067034									 
0.020795241									 
0.021563202									 
0.022374682									 
0.023233855									 
0.024145262									 
0.025114086									 
0.02614612									 
0.027247684									 
0.02842587									 
0.029688612									 
0.0310449									 
0.03250483									 
0.03407983									 
0.035782747									 
0.037628297									 
0.03963332									 
0.041817214									 
0.04420231									 
0.04681453									 
0.04968429									 
0.05284747									 
0.05634672									 
0.06023329									 
0.06456929									 
0.06943109									 
0.07513789									 
0.08123078									 
0.08782478									 
