0.018698482									 
0.015066683									 
0.012231657									 
0.009965248									 
0.008216592									 
0.006874646									 
0.005850239									 
0.005072701									 
0.0044865515									 
0.004048521									 
0.00372501									 
0.0034899933									 
0.003323345									 
0.0032095101									 
0.0031364565									 
0.0030948739									 
0.003077549									 
0.003078885									 
0.0030945293									 
0.0031210922									 
0.0031559255									 
0.0031969578									 
0.0032425658									 
0.0032914684									 
0.0033426525									 
0.0033953225									 
0.0034488367									 
0.0035026884									 
0.0035564667									 
0.0036098405									 
0.0036625366									 
0.0037143358									 
0.0037650517									 
0.0038145275									 
0.003862631									 
0.0039092503									 
0.0039542853									 
0.003997651									 
0.004039266									 
0.0040790667									 
0.0041170064									 
0.004152985									 
0.00418696									 
0.004218901									 
0.004248742									 
0.004276461									 
0.004302									 
0.004325335									 
0.0043464187									 
0.004365233									 
0.0043817377									 
0.0043959226									 
0.004407751									 
0.0044172136									 
0.004424287									 
0.004428966									 
0.00443123									 
0.0044310815									 
0.0044285078									 
0.004423516									 
0.004416101									 
0.004406274									 
0.0043940423									 
0.0043794215									 
0.0043624192									 
0.0043430594									 
0.0043213596									 
0.0042973445									 
0.0042710444									 
0.0042424914									 
0.004211718									 
0.0041787676									 
0.004143684									 
0.004106515									 
0.004067299									 
0.0040261373									 
0.003983087									 
0.003938222									 
0.0038916396									 
0.0038434444									 
0.003793763									 
0.0037427384									 
0.0036905468									 
0.0036373928									 
0.0035835225									 
0.0035292362									 
0.0034748965									 
0.0034209408									 
0.0033679078									 
0.003316462									 
0.0032674193									 
0.003221785									 
0.0031808096									 
0.0031460437									 
0.003119418									 
0.0031033307									 
0.0031007836									 
0.003115516									 
0.0031522138									 
0.003216725									 
0.0033163822									 
0.0034603502									 
0.0036601082									 
0.003929993									 
0.0042879153									 
0.004756172									 
0.0053624855									 
0.0061411415									 
0.007134409									 
0.008394057									 
0.009983163									 
0.011978081									 
0.014385575									 
0.017382726									 
0.017382726									 
0.017382728									 
0.017382728									 
0.017382726									 
0.017382726									 
0.017382726									 
0.017382728									 
0.017382728									 
0.017382726									 
0.017382728									 
0.017382728									 
0.017382726									 
0.017382728									 
0.017382728									 
0.017382728									 
0.017382726									 
0.017382728									 
0.017382726									 
0.017382728									 
0.017382728									 
0.017382728									 
0.017382728									 
0.017382726									 
0.017382726									 
0.017382728									 
0.017382728									 
0.017382726									 
0.017382726									 
0.017382728									 
0.017382726									 
0.017382728									 
0.017382728									 
0.017382726									 
0.017382726									 
0.017382728									 
0.017382728									 
0.017382728									 
0.017382726									 
0.017382726									 
0.017382728									 
0.017382726									 
0.017382728									 
0.017382728									 
0.017382726									 
0.017382728									 
0.017382728									 
0.017382726									 
0.017382726									 
0.017382726									 
0.017382726									 
0.017382726									 
0.017382728									 
0.017382728									 
0.017382728									 
0.017382728									 
0.017382726									 
0.017382726									 
0.017382728									 
0.017382726									 
0.017382728									 
