3.3989 
3.9339 
4.5518 
5.2672 
6.0969 
7.0615 
8.1858 
9.4994 
11.0388 
12.8480 
14.9814 
17.5056 
20.5030 
24.0750 
28.3470 
33.4722 
39.6341 
47.0442 
55.9244 
66.4549 
78.6448 
92.0396 
105.1337 
114.4391 
113.9751 
97.7957 
65.5537 
22.6238 
-25.1304 
-73.2923 
-117.4592 
-151.8105 
-171.0453 
-175.6177 
-171.6172 
-165.2044 
-160.0770 
-157.9540 
-159.4348 
-164.4153 
-172.0054 
-179.9463 
-183.7066 
-176.6422 
-153.9966 
-117.6896 
-73.7378 
-27.4759 
16.9058 
54.5711 
79.3537 
87.2719 
81.0395 
67.2412 
51.1642 
35.6339 
21.8603 
10.2663 
0.9411 
-6.1676 
-11.1926 
-14.3354 
-15.8549 
-16.0430 
-15.1911 
-13.5630 
-11.3791 
-8.8130 
-5.9975 
-3.0333 
-0.0000 
3.0333 
5.9975 
8.8130 
11.3791 
13.5630 
15.1911 
16.0430 
15.8549 
14.3354 
11.1926 
6.1676 
-0.9411 
-10.2663 
-21.8603 
-35.6339 
-51.1642 
-67.2412 
-81.0395 
-87.2719 
-79.3537 
-54.5711 
-16.9058 
27.4759 
73.7378 
117.6896 
153.9966 
176.6422 
183.7066 
179.9463 
172.0054 
164.4153 
159.4348 
157.9540 
160.0770 
165.2044 
171.6172 
175.6177 
171.0453 
151.8105 
117.4592 
73.2923 
25.1304 
-22.6238 
-65.5537 
-97.7957 
-113.9751 
-114.4391 
-105.1337 
-92.0396 
-78.6448 
-66.4549 
-55.9244 
-47.0442 
-39.6341 
-33.4722 
-28.3470 
-24.0750 
-20.5030 
-17.5056 
-14.9814 
-12.8480 
-11.0388 
-9.4994 
-8.1858 
-7.0615 
-6.0969 
-5.2672 
-4.5518 
-3.9339 
-3.3989 
