0.5374 
0.5331 
0.5273 
0.5200 
0.5111 
0.5003 
0.4876 
0.4727 
0.4555 
0.4357 
0.4131 
0.3875 
0.3586 
0.3262 
0.2899 
0.2496 
0.2047 
0.1551 
0.1004 
0.0400 
-0.0262 
-0.0989 
-0.1784 
-0.2652 
-0.3600 
-0.4632 
-0.5756 
-0.6979 
-0.8308 
-0.9754 
-1.1326 
-1.3038 
-1.4904 
-1.6942 
-1.9175 
-2.1628 
-2.4335 
-2.7334 
-3.0676 
-3.4422 
-3.8647 
-4.3444 
-4.8930 
-5.5246 
-6.2568 
-7.1113 
-8.1143 
-9.2981 
-10.7016 
-12.3714 
-14.3624 
-16.7379 
-19.5682 
-22.9272 
-26.8846 
-31.4946 
-36.7774 
-42.6987 
-49.1504 
-55.9442 
-62.8275 
-69.5220 
-75.7716 
-81.3813 
-86.2322 
-90.2752 
-93.5112 
-95.9691 
-97.6879 
-98.7030 
-99.0385 
-98.7030 
-97.6879 
-95.9691 
-93.5112 
-90.2752 
-86.2322 
-81.3813 
-75.7716 
-69.5220 
-62.8275 
-55.9442 
-49.1504 
-42.6987 
-36.7774 
-31.4946 
-26.8846 
-22.9272 
-19.5682 
-16.7379 
-14.3624 
-12.3714 
-10.7016 
-9.2981 
-8.1143 
-7.1113 
-6.2568 
-5.5246 
-4.8930 
-4.3444 
-3.8647 
-3.4422 
-3.0676 
-2.7334 
-2.4335 
-2.1628 
-1.9175 
-1.6942 
-1.4904 
-1.3038 
-1.1326 
-0.9754 
-0.8308 
-0.6979 
-0.5756 
-0.4632 
-0.3600 
-0.2652 
-0.1784 
-0.0989 
-0.0262 
0.0400 
0.1004 
0.1551 
0.2047 
0.2496 
0.2899 
0.3262 
0.3586 
0.3875 
0.4131 
0.4357 
0.4555 
0.4727 
0.4876 
0.5003 
0.5111 
0.5200 
0.5273 
0.5331 
0.5374 
