-0.0019857446									 
-0.0019234638									 
-0.0019047542									 
-0.0020581516									 
-0.0024046411									 
-0.0029214548									 
-0.0033071616									 
-0.0029653073									 
-0.0021935273									 
-0.0017137165									 
-0.0015285464									 
-0.0014418049									 
-0.0013560333									 
-0.0012482214									 
-0.0011222124									 
-0.0009883677									 
-0.00085672777									 
-0.0007350259									 
-0.0006281941									 
-0.00053858676									 
-0.00046657916									 
-0.00041123605									 
-0.0003708412									 
-0.0003432643									 
-0.00032615097									 
-0.00031693518									 
-0.00031267104									 
-0.00030969517									 
-0.00030304014									 
-0.00028554935									 
-0.00024652728									 
-0.00016960927									 
-2.9521356e-05									 
0.00021286788									 
0.0006179924									 
0.0012784409									 
0.0023144025									 
0.004093881									 
