-0.14492819									
-0.1190495									
-0.10032386									
-0.08628984									
-0.07548075									
-0.067008704									
-0.060290333									
-0.05492733									
-0.05063854									
-0.047219917									
-0.044520594									
-0.042427547									
-0.040855877									
-0.039741848									
-0.039038353									
-0.038711246									
-0.03873622									
-0.039095145									
-0.039771788									
-0.040743813									
-0.041971788									
-0.04338085									
-0.044834614									
-0.046101492									
-0.046828058									
-0.046516273									
-0.044590022									
-0.040631678									
-0.035444506									
-0.031974968									
-0.031899445									
-0.03343821									
-0.033534687									
-0.02996533									
-0.023481747									
-0.016445056									
-0.010131254									
-0.0047016745									
-1.4964957e-05									
0.004113281									
0.00826653									
0.013552061									
0.020520696									
0.027355773									
0.03139908									
0.032897994									
0.034508552									
0.038377166									
0.043339975									
0.04682816									
0.048233587									
0.048055295									
0.046891786									
0.045233957									
0.043419257									
0.041662805									
0.040087692									
0.03875852									
0.037705954									
0.03694382									
0.036478933									
0.036318									
0.036471404									
0.036956254									
0.037798498									
0.039035417									
0.040718812									
0.042919938									
0.045735963									
0.04930152									
0.053805854									
0.059522565									
0.06685932									
0.07644446									
0.08932252									
0.10725415									
0.13166691									
