-0.016963094									 
-0.01337595									 
-0.008719883									 
-0.00608998									 
-0.0063176495									 
-0.01024522									 
-0.017894061									 
-0.026189288									 
-0.031113278									 
-0.032541014									 
-0.03268759									 
-0.032884445									 
-0.033409815									 
-0.034100562									 
-0.034732405									 
-0.035155687									 
-0.035312243									 
-0.035214193									 
-0.0349163									 
-0.03449248									 
-0.034019943									 
-0.033570405									 
-0.033206478									 
-0.032981765									 
-0.03294265									 
-0.033131454									 
-0.03358984									 
-0.034362063									 
-0.03549926									 
-0.037063845									 
-0.03913512									 
-0.041816745									 
-0.045247655									 
-0.04961854									 
-0.055198018									 
-0.06237758									 
-0.07175696									 
-0.084507436									 
