0.0006 
0.0007 
0.0008 
0.0009 
0.0011 
0.0012 
0.0014 
0.0015 
0.0018 
0.0020 
0.0023 
0.0026 
0.0029 
0.0033 
0.0038 
0.0043 
0.0049 
0.0057 
0.0065 
0.0075 
0.0088 
0.0102 
0.0120 
0.0142 
0.0168 
0.0202 
0.0244 
0.0299 
0.0370 
0.0463 
0.0587 
0.0752 
0.0963 
0.1193 
0.1217 
0.0866 
0.0451 
0.0056 
-0.0331 
-0.0729 
-0.1148 
-0.1505 
-0.1490 
-0.1273 
-0.1077 
-0.0931 
-0.0830 
-0.0766 
-0.0730 
-0.0718 
-0.0728 
-0.0759 
-0.0814 
-0.0894 
-0.1007 
-0.1161 
-0.1364 
-0.1624 
-0.1918 
-0.2072 
-0.1832 
-0.1297 
-0.0762 
-0.0315 
0.0049 
0.0342 
0.0546 
0.0622 
0.0629 
0.0593 
0.0539 
0.0485 
0.0438 
0.0403 
0.0377 
0.0362 
0.0354 
0.0351 
0.0352 
0.0350 
0.0336 
0.0293 
0.0200 
0.0046 
-0.0024 
0.0165 
0.0370 
0.0520 
0.0620 
0.0694 
0.0837 
0.1180 
0.1224 
0.1035 
0.0860 
0.0730 
0.0639 
0.0579 
0.0542 
0.0524 
0.0523 
0.0538 
0.0572 
0.0626 
0.0706 
0.0820 
0.0977 
0.1184 
0.1409 
0.1432 
0.1081 
0.0667 
0.0275 
-0.0107 
-0.0499 
-0.0910 
-0.1257 
-0.1230 
-0.0998 
-0.0784 
-0.0617 
-0.0491 
-0.0396 
-0.0324 
-0.0268 
-0.0224 
-0.0189 
-0.0161 
-0.0138 
-0.0119 
-0.0104 
-0.0091 
-0.0080 
-0.0071 
-0.0063 
-0.0056 
-0.0050 
-0.0045 
-0.0040 
-0.0036 
-0.0033 
-0.0029 
-0.0027 
-0.0024 
-0.0022 
-0.0020 
-0.0018 
-0.0017 
-0.0015 
-0.0014 
-0.0013 
