0.0010 
0.0011 
0.0013 
0.0015 
0.0016 
0.0018 
0.0021 
0.0023 
0.0026 
0.0029 
0.0033 
0.0037 
0.0042 
0.0047 
0.0054 
0.0061 
0.0069 
0.0079 
0.0091 
0.0104 
0.0121 
0.0140 
0.0164 
0.0193 
0.0228 
0.0272 
0.0328 
0.0400 
0.0493 
0.0615 
0.0778 
0.0993 
0.1270 
0.1570 
0.1603 
0.1149 
0.0612 
0.0100 
-0.0399 
-0.0913 
-0.1454 
-0.1914 
-0.1890 
-0.1601 
-0.1339 
-0.1141 
-0.1000 
-0.0904 
-0.0844 
-0.0811 
-0.0804 
-0.0819 
-0.0859 
-0.0925 
-0.1023 
-0.1161 
-0.1350 
-0.1596 
-0.1872 
-0.1957 
-0.1686 
-0.1376 
-0.1115 
-0.0906 
-0.0738 
-0.0604 
-0.0516 
-0.0478 
-0.0405 
-0.0331 
-0.0265 
-0.0204 
-0.0149 
-0.0097 
-0.0048 
-0.0000 
0.0048 
0.0097 
0.0149 
0.0204 
0.0265 
0.0331 
0.0405 
0.0478 
0.0516 
0.0604 
0.0738 
0.0906 
0.1115 
0.1376 
0.1686 
0.1957 
0.1872 
0.1596 
0.1350 
0.1161 
0.1023 
0.0925 
0.0859 
0.0819 
0.0804 
0.0811 
0.0844 
0.0904 
0.1000 
0.1141 
0.1339 
0.1601 
0.1890 
0.1914 
0.1454 
0.0913 
0.0399 
-0.0100 
-0.0612 
-0.1149 
-0.1603 
-0.1570 
-0.1270 
-0.0993 
-0.0778 
-0.0615 
-0.0493 
-0.0400 
-0.0328 
-0.0272 
-0.0228 
-0.0193 
-0.0164 
-0.0140 
-0.0121 
-0.0104 
-0.0091 
-0.0079 
-0.0069 
-0.0061 
-0.0054 
-0.0047 
-0.0042 
-0.0037 
-0.0033 
-0.0029 
-0.0026 
-0.0023 
-0.0021 
-0.0018 
-0.0016 
-0.0015 
-0.0013 
-0.0011 
-0.0010 
