0.0017 
0.0019 
0.0020 
0.0022 
0.0023 
0.0025 
0.0027 
0.0029 
0.0032 
0.0035 
0.0038 
0.0042 
0.0046 
0.0050 
0.0056 
0.0062 
0.0069 
0.0077 
0.0086 
0.0098 
0.0111 
0.0126 
0.0145 
0.0168 
0.0196 
0.0231 
0.0275 
0.0331 
0.0403 
0.0498 
0.0625 
0.0791 
0.1005 
0.1237 
0.1264 
0.0916 
0.0505 
0.0113 
-0.0269 
-0.0663 
-0.1077 
-0.1429 
-0.1408 
-0.1184 
-0.0980 
-0.0825 
-0.0714 
-0.0638 
-0.0589 
-0.0561 
-0.0553 
-0.0564 
-0.0594 
-0.0646 
-0.0725 
-0.0838 
-0.0996 
-0.1203 
-0.1431 
-0.1455 
-0.1107 
-0.0697 
-0.0309 
0.0068 
0.0455 
0.0859 
0.1200 
0.1164 
0.0922 
0.0697 
0.0516 
0.0374 
0.0260 
0.0164 
0.0079 
0.0000 
-0.0079 
-0.0164 
-0.0260 
-0.0374 
-0.0516 
-0.0697 
-0.0922 
-0.1164 
-0.1200 
-0.0859 
-0.0455 
-0.0068 
0.0309 
0.0697 
0.1107 
0.1455 
0.1431 
0.1203 
0.0996 
0.0838 
0.0725 
0.0646 
0.0594 
0.0564 
0.0553 
0.0561 
0.0589 
0.0638 
0.0714 
0.0825 
0.0980 
0.1184 
0.1408 
0.1429 
0.1077 
0.0663 
0.0269 
-0.0113 
-0.0505 
-0.0916 
-0.1264 
-0.1237 
-0.1005 
-0.0791 
-0.0625 
-0.0498 
-0.0403 
-0.0331 
-0.0275 
-0.0231 
-0.0196 
-0.0168 
-0.0145 
-0.0126 
-0.0111 
-0.0098 
-0.0086 
-0.0077 
-0.0069 
-0.0062 
-0.0056 
-0.0050 
-0.0046 
-0.0042 
-0.0038 
-0.0035 
-0.0032 
-0.0029 
-0.0027 
-0.0025 
-0.0023 
-0.0022 
-0.0020 
-0.0019 
-0.0017 
