0.0001 
0.0001 
0.0001 
0.0001 
0.0001 
0.0001 
0.0001 
0.0001 
0.0001 
0.0001 
0.0001 
0.0001 
0.0001 
0.0001 
0.0001 
0.0001 
0.0001 
0.0001 
0.0001 
0.0001 
0.0001 
0.0001 
0.0001 
0.0001 
0.0002 
0.0002 
0.0002 
0.0002 
0.0002 
0.0002 
0.0003 
0.0003 
0.0003 
0.0003 
0.0004 
0.0004 
0.0005 
0.0005 
0.0006 
0.0007 
0.0008 
0.0010 
0.0011 
0.0013 
0.0015 
0.0018 
0.0022 
0.0027 
0.0033 
0.0041 
0.0051 
0.0065 
0.0085 
0.0112 
0.0151 
0.0209 
0.0296 
0.0433 
0.0652 
0.1006 
0.1496 
0.1828 
0.1881 
0.1754 
0.1499 
0.1114 
0.0559 
-0.0107 
-0.0625 
-0.0988 
-0.1239 
-0.1414 
-0.1537 
-0.1627 
-0.1696 
-0.1753 
-0.1803 
-0.1852 
-0.1905 
-0.1966 
-0.2039 
-0.2121 
-0.2193 
-0.2197 
-0.2085 
-0.2048 
-0.2097 
-0.2156 
-0.2162 
-0.2033 
-0.1650 
-0.1124 
-0.0745 
-0.0507 
-0.0356 
-0.0258 
-0.0192 
-0.0147 
-0.0114 
-0.0090 
-0.0073 
-0.0059 
-0.0049 
-0.0041 
-0.0034 
-0.0029 
-0.0025 
-0.0021 
-0.0019 
-0.0016 
-0.0014 
-0.0012 
-0.0011 
-0.0010 
-0.0008 
-0.0008 
-0.0007 
-0.0006 
-0.0005 
-0.0005 
-0.0004 
-0.0004 
-0.0003 
-0.0003 
-0.0003 
-0.0002 
-0.0002 
-0.0002 
-0.0002 
-0.0001 
-0.0001 
-0.0001 
-0.0001 
-0.0001 
-0.0001 
-0.0001 
-0.0000 
-0.0000 
-0.0000 
-0.0000 
-0.0000 
-0.0000 
0.0000 
0.0000 
0.0000 
0.0000 
0.0000 
0.0000 
0.0000 
0.0000 
0.0000 
