0.0001 
0.0001 
0.0001 
0.0001 
0.0001 
0.0001 
0.0001 
0.0001 
0.0001 
0.0001 
0.0001 
0.0001 
0.0000 
0.0000 
0.0000 
0.0000 
0.0000 
0.0000 
0.0000 
-0.0000 
-0.0000 
-0.0000 
-0.0000 
-0.0000 
-0.0001 
-0.0001 
-0.0001 
-0.0001 
-0.0001 
-0.0001 
-0.0002 
-0.0002 
-0.0002 
-0.0003 
-0.0003 
-0.0003 
-0.0004 
-0.0004 
-0.0005 
-0.0005 
-0.0006 
-0.0007 
-0.0007 
-0.0008 
-0.0010 
-0.0011 
-0.0012 
-0.0014 
-0.0016 
-0.0019 
-0.0022 
-0.0025 
-0.0029 
-0.0035 
-0.0041 
-0.0049 
-0.0060 
-0.0074 
-0.0092 
-0.0118 
-0.0153 
-0.0205 
-0.0282 
-0.0402 
-0.0598 
-0.0934 
-0.1526 
-0.2304 
-0.2818 
-0.3108 
-0.3278 
-0.3380 
-0.3442 
-0.3479 
-0.3499 
-0.3505 
-0.3499 
-0.3479 
-0.3442 
-0.3380 
-0.3278 
-0.3108 
-0.2818 
-0.2304 
-0.1526 
-0.0934 
-0.0598 
-0.0402 
-0.0282 
-0.0205 
-0.0153 
-0.0118 
-0.0092 
-0.0074 
-0.0060 
-0.0049 
-0.0041 
-0.0035 
-0.0029 
-0.0025 
-0.0022 
-0.0019 
-0.0016 
-0.0014 
-0.0012 
-0.0011 
-0.0010 
-0.0008 
-0.0007 
-0.0007 
-0.0006 
-0.0005 
-0.0005 
-0.0004 
-0.0004 
-0.0003 
-0.0003 
-0.0003 
-0.0002 
-0.0002 
-0.0002 
-0.0001 
-0.0001 
-0.0001 
-0.0001 
-0.0001 
-0.0001 
-0.0000 
-0.0000 
-0.0000 
-0.0000 
-0.0000 
0.0000 
0.0000 
0.0000 
0.0000 
0.0000 
0.0000 
0.0000 
0.0001 
0.0001 
0.0001 
0.0001 
0.0001 
0.0001 
0.0001 
0.0001 
0.0001 
0.0001 
0.0001 
0.0001 
