392.8241 
356.2052 
324.1240 
295.8784 
270.8976 
248.7132 
228.9373 
211.2467 
195.3695 
181.0763 
168.1720 
156.4898 
145.8866 
136.2389 
127.4398 
119.3963 
112.0273 
105.2619 
99.0376 
93.2998 
87.9999 
83.0951 
78.5473 
74.3228 
70.3914 
66.7262 
63.3031 
60.1004 
57.0989 
54.2809 
51.6309 
49.1344 
46.7786 
44.5520 
42.4438 
40.4444 
38.5451 
36.7379 
35.0154 
33.3710 
31.7986 
30.2925 
28.8476 
27.4592 
26.1228 
24.8345 
23.5906 
22.3876 
21.2223 
20.0919 
18.9936 
17.9248 
16.8832 
15.8667 
14.8730 
13.9005 
12.9471 
12.0114 
11.0916 
10.1863 
9.2940 
8.4136 
7.5436 
6.6828 
5.8302 
4.9846 
4.1449 
3.3101 
2.4792 
1.6512 
0.8251 
0.0000 
-0.8251 
-1.6512 
-2.4792 
-3.3101 
-4.1449 
-4.9846 
-5.8302 
-6.6828 
-7.5436 
-8.4136 
-9.2940 
-10.1863 
-11.0916 
-12.0114 
-12.9471 
-13.9005 
-14.8730 
-15.8667 
-16.8832 
-17.9248 
-18.9936 
-20.0919 
-21.2223 
-22.3876 
-23.5906 
-24.8345 
-26.1228 
-27.4592 
-28.8476 
-30.2925 
-31.7986 
-33.3710 
-35.0154 
-36.7379 
-38.5451 
-40.4444 
-42.4438 
-44.5520 
-46.7786 
-49.1344 
-51.6309 
-54.2809 
-57.0989 
-60.1004 
-63.3031 
-66.7262 
-70.3914 
-74.3228 
-78.5473 
-83.0951 
-87.9999 
-93.2998 
-99.0376 
-105.2619 
-112.0273 
-119.3963 
-127.4398 
-136.2389 
-145.8866 
-156.4898 
-168.1720 
-181.0763 
-195.3695 
-211.2467 
-228.9373 
-248.7132 
-270.8976 
-295.8784 
-324.1240 
-356.2052 
-392.8241 
