-8.6301 
-8.9303 
-9.2335 
-9.5399 
-9.8495 
-10.1621 
-10.4779 
-10.7969 
-11.1190 
-11.4444 
-11.7729 
-12.1046 
-12.4395 
-12.7777 
-13.1192 
-13.4639 
-13.8120 
-14.1634 
-14.5182 
-14.8764 
-15.2380 
-15.6032 
-15.9719 
-16.3442 
-16.7201 
-17.0998 
-17.4832 
-17.8704 
-18.2615 
-18.6566 
-19.0558 
-19.4591 
-19.8666 
-20.2784 
-20.6947 
-21.1155 
-21.5409 
-21.9711 
-22.4062 
-22.8463 
-23.2916 
-23.7423 
-24.1984 
-24.6601 
-25.1277 
-25.6012 
-26.0810 
-26.5671 
-27.0599 
-27.5595 
-28.0662 
-28.5802 
-29.1018 
-29.6312 
-30.1688 
-30.7148 
-31.2695 
-31.8333 
-32.4066 
-32.9896 
-33.5828 
-34.1865 
-34.8012 
-35.4273 
-36.0652 
-36.7155 
-37.3785 
-38.0549 
-38.7452 
-39.4499 
-40.1697 
-40.9051 
-41.6569 
-42.4257 
-43.2122 
-44.0172 
-44.8414 
-45.6858 
-46.5511 
-47.4382 
-48.3482 
-49.2820 
-50.2407 
-51.2253 
-52.2371 
-53.2772 
-54.3469 
-55.4476 
-56.5806 
-57.7475 
-58.9498 
-60.1891 
-61.4673 
-62.7860 
-64.1472 
-65.5529 
-67.0053 
-68.5066 
-70.0593 
-71.6657 
-73.3285 
-75.0506 
-76.8348 
-78.6844 
-80.6026 
-82.5930 
-84.6592 
-86.8053 
-89.0353 
-91.3537 
-93.7652 
-96.2749 
-98.8881 
-101.6103 
-104.4477 
-107.4067 
-110.4941 
-113.7172 
-117.0837 
-120.6021 
-124.2813 
-128.1306 
-132.1604 
-136.3815 
-140.8057 
-145.4456 
-150.3146 
-155.4273 
-160.7993 
-166.4474 
-172.3900 
-178.6466 
-185.2385 
-192.1886 
-199.5219 
-207.2656 
-215.4490 
-224.1041 
-233.2659 
-242.9727 
-253.2661 
-264.1918 
-275.8003 
-288.1467 
-301.2919 
-315.3035 
-330.2558 
-346.2318 
-363.3235 
-381.6339 
-401.2780 
