-5.2800 
-5.3905 
-5.5027 
-5.6168 
-5.7326 
-5.8502 
-5.9696 
-6.0906 
-6.2134 
-6.3379 
-6.4640 
-6.5917 
-6.7209 
-6.8517 
-6.9840 
-7.1177 
-7.2528 
-7.3891 
-7.5267 
-7.6654 
-7.8052 
-7.9460 
-8.0877 
-8.2302 
-8.3733 
-8.5171 
-8.6613 
-8.8059 
-8.9508 
-9.0957 
-9.2406 
-9.3853 
-9.5296 
-9.6735 
-9.8168 
-9.9592 
-10.1007 
-10.2411 
-10.3801 
-10.5177 
-10.6536 
-10.7877 
-10.9197 
-11.0495 
-11.1769 
-11.3018 
-11.4238 
-11.5429 
-11.6588 
-11.7714 
-11.8805 
-11.9858 
-12.0873 
-12.1848 
-12.2780 
-12.3669 
-12.4512 
-12.5309 
-12.6057 
-12.6755 
-12.7403 
-12.7998 
-12.8540 
-12.9028 
-12.9461 
-12.9838 
-13.0158 
-13.0421 
-13.0625 
-13.0772 
-13.0860 
-13.0890 
-13.0860 
-13.0772 
-13.0625 
-13.0421 
-13.0158 
-12.9838 
-12.9461 
-12.9028 
-12.8540 
-12.7998 
-12.7403 
-12.6755 
-12.6057 
-12.5309 
-12.4512 
-12.3669 
-12.2780 
-12.1848 
-12.0873 
-11.9858 
-11.8805 
-11.7714 
-11.6588 
-11.5429 
-11.4238 
-11.3018 
-11.1769 
-11.0495 
-10.9197 
-10.7877 
-10.6536 
-10.5177 
-10.3801 
-10.2411 
-10.1007 
-9.9592 
-9.8168 
-9.6735 
-9.5296 
-9.3853 
-9.2406 
-9.0957 
-8.9508 
-8.8059 
-8.6613 
-8.5171 
-8.3733 
-8.2302 
-8.0877 
-7.9460 
-7.8052 
-7.6654 
-7.5267 
-7.3891 
-7.2528 
-7.1177 
-6.9840 
-6.8517 
-6.7209 
-6.5917 
-6.4640 
-6.3379 
-6.2134 
-6.0906 
-5.9696 
-5.8502 
-5.7326 
-5.6168 
-5.5027 
-5.3905 
-5.2800 
