-0.0932668									
-0.07539227									
-0.06252576									
-0.052893102									
-0.045451265									
-0.03957307									
-0.034850217									
-0.031006442									
-0.027848385									
-0.025236785									
-0.023069015									
-0.021268113									
-0.01977544									
-0.018545764									
-0.017543592									
-0.01674004									
-0.016109992									
-0.01562798									
-0.015263141									
-0.014969459									
-0.014671477									
-0.014240472									
-0.013459908									
-0.01197807									
-0.009258071									
-0.0045087086									
0.0033221417									
0.015287523									
0.030823827									
0.045771018									
0.05615318									
0.060811542									
0.058724202									
0.049683396									
0.037010714									
0.024572697									
0.013575365									
0.003792098									
-0.005385518									
-0.014750466									
-0.025101962									
-0.03688349									
-0.048980255									
-0.05759348									
-0.059434276									
-0.05468994									
-0.04436211									
-0.029569237									
-0.014201516									
-0.0023546305									
0.005409512									
0.010127097									
0.012837245									
0.014322583									
0.015113936									
0.015558809									
0.015871178									
0.016178077									
0.016553722									
0.017042985									
0.017675566									
0.018475238									
0.019464992									
0.020670844									
0.02212444									
0.02386571									
0.02594616									
0.028433515									
0.031417813									
0.035021767									
0.03941627									
0.04484681									
0.05167773									
0.06046935									
0.07215064									
0.08828803									
0.11020945									
0.11020945									
0.11020945									
0.11020945									
0.11020945									
0.11020945									
0.11020945									
0.11020945									
0.11020945									
0.11020945									
0.11020945									
0.11020945									
0.11020945									
0.11020945									
0.11020945									
0.11020945									
0.11020945									
0.11020945									
0.11020945									
0.11020945									
0.11020945									
0.11020945									
0.11020945									
0.11020945									
0.11020945									
0.11020945									
0.11020945									
0.11020945									
0.11020945									
0.11020945									
0.11020945									
0.11020945									
0.11020945									
0.11020945									
0.11020945									
0.11020945									
0.11020945									
0.11020945									
0.11020945									
