-140.4498 
-129.2991 
-119.4164 
-110.6236 
-102.7729 
-95.7401 
-89.4202 
-83.7236 
-78.5736 
-73.9037 
-69.6562 
-65.7807 
-62.2329 
-58.9736 
-55.9682 
-53.1857 
-50.5982 
-48.1811 
-45.9115 
-43.7693 
-41.7356 
-39.7935 
-37.9273 
-36.1224 
-34.3655 
-32.6438 
-30.9455 
-29.2595 
-27.5748 
-25.8813 
-24.1688 
-22.4275 
-20.6476 
-18.8195 
-16.9331 
-14.9784 
-12.9450 
-10.8221 
-8.5983 
-6.2615 
-3.7989 
-1.1967 
1.5599 
4.4871 
7.6022 
10.9240 
14.4728 
18.2704 
22.3399 
26.7055 
31.3917 
36.4225 
41.8195 
47.5995 
53.7700 
60.3238 
67.2296 
74.4197 
81.7724 
89.0888 
96.0648 
102.2612 
107.0848 
109.8003 
109.6072 
105.8006 
97.9787 
86.1834 
70.8698 
52.7339 
32.5193 
10.8973 
-11.5685 
-34.4002 
-57.1545 
-79.3640 
-100.4841 
-119.8645 
-136.7729 
-150.5009 
-160.5491 
-166.8123 
-169.6385 
-169.7114 
-167.8446 
-164.8090 
-161.2421 
-157.6280 
-154.3130 
-151.5336 
-149.4442 
-148.1392 
-147.6683 
-148.0454 
-149.2511 
-151.2295 
-153.8783 
-157.0328 
-160.4428 
-163.7446 
-166.4338 
-167.8519 
-167.2150 
-163.7137 
-156.6955 
-145.8667 
-131.3894 
-113.8006 
-93.8202 
-72.1729 
-49.4946 
-26.3168 
-3.0999 
19.7124 
41.6338 
62.0877 
80.3901 
95.7950 
107.6260 
115.4732 
119.3543 
119.7204 
117.2997 
112.8912 
107.2135 
100.8391 
94.1871 
87.5454 
81.1003 
74.9642 
69.1980 
63.8281 
58.8581 
54.2777 
50.0682 
46.2064 
42.6673 
39.4254 
36.4558 
33.7351 
31.2411 
28.9537 
26.8540 
24.9253 
23.1519 
21.5199 
20.0168 
18.6310 
17.3522 
16.1711 
15.0794 
