0.5768 
0.6966 
0.8316 
0.9840 
1.1565 
1.3521 
1.5743 
1.8275 
2.1168 
2.4483 
2.8294 
3.2694 
3.7792 
4.3728 
5.0671 
5.8839 
6.8506 
8.0022 
9.3845 
11.0574 
13.1006 
15.6216 
18.7673 
22.7404 
27.8236 
34.4101 
43.0322 
54.3459 
68.9124 
86.3044 
102.7370 
108.6293 
94.6174 
63.7135 
25.9806 
-12.9609 
-51.9846 
-89.9665 
-121.2922 
-135.9095 
-130.8223 
-115.4165 
-99.3030 
-86.3063 
-76.9061 
-70.6107 
-66.8570 
-65.2378 
-65.5306 
-67.6867 
-71.8249 
-78.2306 
-87.3333 
-99.5482 
-114.6527 
-130.1357 
-139.5067 
-136.5290 
-123.7609 
-108.8449 
-96.3916 
-87.5305 
-81.6724 
-76.9923 
-70.8511 
-62.1645 
-52.4489 
-43.3575 
-35.4510 
-28.6647 
-22.7686 
-17.5362 
-12.7804 
-8.3515 
-4.1267 
0.0000 
4.1267 
8.3515 
12.7804 
17.5362 
22.7686 
28.6647 
35.4510 
43.3575 
52.4489 
62.1645 
70.8511 
76.9923 
81.6724 
87.5305 
96.3916 
108.8449 
123.7609 
136.5290 
139.5067 
130.1357 
114.6527 
99.5482 
87.3333 
78.2306 
71.8249 
67.6867 
65.5306 
65.2378 
66.8570 
70.6107 
76.9061 
86.3063 
99.3030 
115.4165 
130.8223 
135.9095 
121.2922 
89.9665 
51.9846 
12.9609 
-25.9806 
-63.7135 
-94.6174 
-108.6293 
-102.7370 
-86.3044 
-68.9124 
-54.3459 
-43.0322 
-34.4101 
-27.8236 
-22.7404 
-18.7673 
-15.6216 
-13.1006 
-11.0574 
-9.3845 
-8.0022 
-6.8506 
-5.8839 
-5.0671 
-4.3728 
-3.7792 
-3.2694 
-2.8294 
-2.4483 
-2.1168 
-1.8275 
-1.5743 
-1.3521 
-1.1565 
-0.9840 
-0.8316 
-0.6966 
-0.5768 
