0.1056 
0.1027 
0.0996 
0.0962 
0.0926 
0.0887 
0.0846 
0.0801 
0.0753 
0.0701 
0.0645 
0.0585 
0.0520 
0.0451 
0.0376 
0.0295 
0.0208 
0.0113 
0.0011 
-0.0099 
-0.0219 
-0.0350 
-0.0491 
-0.0645 
-0.0813 
-0.0996 
-0.1197 
-0.1417 
-0.1658 
-0.1923 
-0.2216 
-0.2539 
-0.2898 
-0.3296 
-0.3739 
-0.4234 
-0.4789 
-0.5414 
-0.6119 
-0.6919 
-0.7829 
-0.8871 
-1.0068 
-1.1453 
-1.3065 
-1.4952 
-1.7179 
-1.9827 
-2.3005 
-2.6857 
-3.1579 
-3.7441 
-4.4822 
-5.4269 
-6.6590 
-8.3010 
-10.5447 
-13.7012 
-18.2926 
-25.2257 
-36.1080 
-53.7322 
-82.3113 
-125.3536 
-178.6387 
-228.0837 
-263.6668 
-286.0815 
-299.7489 
-308.2034 
-313.5704 
-317.0444 
-319.2949 
-320.7005 
-321.4728 
-321.7192 
-321.4728 
-320.7005 
-319.2949 
-317.0444 
-313.5704 
-308.2034 
-299.7489 
-286.0815 
-263.6668 
-228.0837 
-178.6387 
-125.3536 
-82.3113 
-53.7322 
-36.1080 
-25.2257 
-18.2926 
-13.7012 
-10.5447 
-8.3010 
-6.6590 
-5.4269 
-4.4822 
-3.7441 
-3.1579 
-2.6857 
-2.3005 
-1.9827 
-1.7179 
-1.4952 
-1.3065 
-1.1453 
-1.0068 
-0.8871 
-0.7829 
-0.6919 
-0.6119 
-0.5414 
-0.4789 
-0.4234 
-0.3739 
-0.3296 
-0.2898 
-0.2539 
-0.2216 
-0.1923 
-0.1658 
-0.1417 
-0.1197 
-0.0996 
-0.0813 
-0.0645 
-0.0491 
-0.0350 
-0.0219 
-0.0099 
0.0011 
0.0113 
0.0208 
0.0295 
0.0376 
0.0451 
0.0520 
0.0585 
0.0645 
0.0701 
0.0753 
0.0801 
0.0846 
0.0887 
0.0926 
0.0962 
0.0996 
0.1027 
0.1056 
